	
	Sensitivity=50 mV/nA,, Reserve=Normal,, Time Constant=100ms,, Low Pass Filter=24 dB/oct	
	Daten erstellt am: 	2018_10_04	
	***End of Header***
Stepwith 	Channel X LIA [V] 	Channel Y LIA [V] 	Amplitude LIA [V] 	Phase [°] 	Frequency [Hz] 	Temp Sensor 1 	Temp Sensor 2 	Current I [A]	Voltage over Resistance for Current [V] 
-1.000000E+2	7.915042E-5	-2.561215E-3	2.562438E-3	-8.822993E+1	3.925480E+4	1.986000E+1	2.000000E+1	-4.791488E-2	-4.563322E-4
-2.000000E+2	7.916364E-5	-2.561174E-3	2.562397E-3	-8.822960E+1	3.925480E+4	1.985800E+1	2.000000E+1	0.000000E+0	
-3.000000E+2	7.911855E-5	-2.559017E-3	2.560240E-3	-8.822912E+1	3.925480E+4	1.985800E+1	2.000000E+1	0.000000E+0	
-4.000000E+2	7.909689E-5	-2.558998E-3	2.560220E-3	-8.822959E+1	3.925480E+4	1.985800E+1	2.000100E+1	0.000000E+0	
-5.000000E+2	8.136876E-5	-2.556846E-3	2.558140E-3	-8.817724E+1	3.925480E+4	1.985600E+1	2.000100E+1	0.000000E+0	
-6.000000E+2	8.132407E-5	-2.556768E-3	2.558061E-3	-8.817819E+1	3.925480E+4	1.985600E+1	2.000100E+1	0.000000E+0	
-7.000000E+2	8.133038E-5	-2.554643E-3	2.555937E-3	-8.817653E+1	3.925480E+4	1.985800E+1	2.000100E+1	0.000000E+0	
-8.000000E+2	8.353458E-5	-2.552466E-3	2.553832E-3	-8.812555E+1	3.925480E+4	1.985900E+1	2.000200E+1	0.000000E+0	
-9.000000E+2	8.579208E-5	-2.550176E-3	2.551619E-3	-8.807320E+1	3.925480E+4	1.985800E+1	2.000100E+1	0.000000E+0	
-1.000000E+3	8.586149E-5	-2.550234E-3	2.551678E-3	-8.807169E+1	3.925480E+4	1.985700E+1	2.000100E+1	0.000000E+0	
-1.100000E+3	8.783729E-5	-2.548038E-3	2.549551E-3	-8.802565E+1	3.925480E+4	1.985900E+1	2.000200E+1	0.000000E+0	
-1.200000E+3	9.012173E-5	-2.546332E-3	2.547927E-3	-8.797299E+1	3.925480E+4	1.985700E+1	2.000200E+1	0.000000E+0	
-1.300000E+3	9.229856E-5	-2.541910E-3	2.543585E-3	-8.792046E+1	3.925480E+4	1.985900E+1	2.000200E+1	0.000000E+0	
-1.400000E+3	9.450921E-5	-2.539665E-3	2.541423E-3	-8.786882E+1	3.925480E+4	1.985900E+1	2.000200E+1	0.000000E+0	
-1.500000E+3	9.668318E-5	-2.535345E-3	2.537188E-3	-8.781613E+1	3.925480E+4	1.985700E+1	2.000200E+1	0.000000E+0	
-1.600000E+3	9.894794E-5	-2.530956E-3	2.532889E-3	-8.776116E+1	3.925480E+4	1.985700E+1	2.000200E+1	0.000000E+0	
-1.700000E+3	1.033227E-4	-2.524562E-3	2.526675E-3	-8.765636E+1	3.925480E+4	1.985700E+1	2.000100E+1	0.000000E+0	
-1.800000E+3	1.098936E-4	-2.517683E-3	2.520080E-3	-8.750070E+1	3.925480E+4	1.985400E+1	2.000100E+1	0.000000E+0	
-1.900000E+3	1.116471E-4	-2.511233E-3	2.513714E-3	-8.745436E+1	3.925480E+4	1.985600E+1	2.000100E+1	0.000000E+0	
-2.000000E+3	1.183445E-4	-2.502463E-3	2.505259E-3	-8.729243E+1	3.925480E+4	1.985700E+1	2.000100E+1	0.000000E+0	
-2.100000E+3	1.271135E-4	-2.489175E-3	2.492418E-3	-8.707664E+1	3.925480E+4	1.985800E+1	2.000100E+1	0.000000E+0	
-2.200000E+3	1.359161E-4	-2.478169E-3	2.481894E-3	-8.686074E+1	3.925480E+4	1.985700E+1	2.000100E+1	0.000000E+0	
-2.300000E+3	1.490584E-4	-2.457037E-3	2.461554E-3	-8.652835E+1	3.925480E+4	1.985600E+1	2.000100E+1	0.000000E+0	
-2.400000E+3	1.643886E-4	-2.437896E-3	2.443432E-3	-8.614235E+1	3.925480E+4	1.985500E+1	2.000100E+1	0.000000E+0	
-2.500000E+3	1.857143E-4	-2.408811E-3	2.415959E-3	-8.559134E+1	3.925480E+4	1.985700E+1	2.000100E+1	0.000000E+0	
-2.600000E+3	2.076745E-4	-2.377920E-3	2.386971E-3	-8.500876E+1	3.925480E+4	1.985500E+1	2.000000E+1	0.000000E+0	
-2.700000E+3	2.438563E-4	-2.326280E-3	2.339026E-3	-8.401573E+1	3.925480E+4	1.985500E+1	2.000000E+1	0.000000E+0	
-2.800000E+3	2.882616E-4	-2.270098E-3	2.288327E-3	-8.276320E+1	3.925480E+4	1.985600E+1	2.000000E+1	0.000000E+0	
-2.900000E+3	3.454196E-4	-2.183930E-3	2.211078E-3	-8.101231E+1	3.925480E+4	1.985800E+1	2.000000E+1	0.000000E+0	
-3.000000E+3	4.137594E-4	-2.093027E-3	2.133532E-3	-7.881768E+1	3.925480E+4	1.985400E+1	2.000000E+1	0.000000E+0	
-3.100000E+3	5.157854E-4	-1.956127E-3	2.022985E-3	-7.522864E+1	3.925480E+4	1.985300E+1	2.000000E+1	0.000000E+0	
-3.200000E+3	6.063584E-4	-1.837529E-3	1.934989E-3	-7.173785E+1	3.925480E+4	1.985700E+1	2.000000E+1	0.000000E+0	
-3.300000E+3	7.310723E-4	-1.671781E-3	1.824642E-3	-6.638017E+1	3.925480E+4	1.985700E+1	1.999900E+1	0.000000E+0	
-3.400000E+3	8.311359E-4	-1.542718E-3	1.752360E-3	-6.168653E+1	3.925480E+4	1.985700E+1	1.999900E+1	0.000000E+0	
-3.500000E+3	9.463823E-4	-1.387499E-3	1.679522E-3	-5.570298E+1	3.925480E+4	1.985700E+1	1.999900E+1	0.000000E+0	
-3.600000E+3	1.029537E-3	-1.282408E-3	1.644542E-3	-5.124198E+1	3.925480E+4	1.985900E+1	2.000000E+1	0.000000E+0	
-3.700000E+3	1.111363E-3	-1.171263E-3	1.614616E-3	-4.650321E+1	3.925480E+4	1.985700E+1	2.000000E+1	0.000000E+0	
-3.800000E+3	1.161256E-3	-1.107835E-3	1.604934E-3	-4.365133E+1	3.925480E+4	1.985500E+1	2.000000E+1	0.000000E+0	
-3.900000E+3	1.203113E-3	-1.051769E-3	1.598030E-3	-4.116015E+1	3.925480E+4	1.985500E+1	2.000000E+1	0.000000E+0	
-4.000000E+3	1.220129E-3	-1.025372E-3	1.593770E-3	-4.004301E+1	3.925480E+4	1.985400E+1	2.000000E+1	0.000000E+0	
-4.100000E+3	1.226702E-3	-1.018679E-3	1.594524E-3	-3.970695E+1	3.925480E+4	1.985400E+1	2.000000E+1	0.000000E+0	
-4.200000E+3	1.220154E-3	-1.027599E-3	1.595222E-3	-4.010367E+1	3.925480E+4	1.985600E+1	2.000000E+1	0.000000E+0	
-4.300000E+3	1.193101E-3	-1.067007E-3	1.600623E-3	-4.180671E+1	3.925480E+4	1.985500E+1	2.000000E+1	0.000000E+0	
-4.400000E+3	1.152440E-3	-1.118956E-3	1.606294E-3	-4.415545E+1	3.925480E+4	1.985600E+1	2.000100E+1	0.000000E+0	
-4.500000E+3	1.083789E-3	-1.212751E-3	1.626458E-3	-4.821406E+1	3.925480E+4	1.985600E+1	2.000100E+1	0.000000E+0	
-4.600000E+3	1.009126E-3	-1.310979E-3	1.654388E-3	-5.241273E+1	3.925480E+4	1.985500E+1	2.000100E+1	0.000000E+0	
-4.700000E+3	9.049803E-4	-1.453737E-3	1.712408E-3	-5.809691E+1	3.925480E+4	1.985300E+1	2.000100E+1	0.000000E+0	
-4.800000E+3	8.040628E-4	-1.582876E-3	1.775391E-3	-6.307054E+1	3.925480E+4	1.985400E+1	2.000100E+1	0.000000E+0	
-4.900000E+3	6.759212E-4	-1.752010E-3	1.877873E-3	-6.890350E+1	3.925480E+4	1.985400E+1	2.000100E+1	0.000000E+0	
-5.000000E+3	5.803032E-4	-1.878437E-3	1.966031E-3	-7.283258E+1	3.925480E+4	1.985500E+1	2.000100E+1	0.000000E+0	
-5.100000E+3	4.645247E-4	-2.031006E-3	2.083451E-3	-7.711709E+1	3.925480E+4	1.985500E+1	2.000100E+1	0.000000E+0	
-5.200000E+3	3.885624E-4	-2.132602E-3	2.167711E-3	-7.967392E+1	3.925480E+4	1.985400E+1	2.000100E+1	0.000000E+0	
-5.300000E+3	3.043751E-4	-2.247944E-3	2.268457E-3	-8.228896E+1	3.925480E+4	1.985500E+1	2.000100E+1	0.000000E+0	
-5.400000E+3	2.428240E-4	-2.331713E-3	2.344323E-3	-8.405466E+1	3.925480E+4	1.985500E+1	2.000100E+1	0.000000E+0	
-5.500000E+3	1.735020E-4	-2.424222E-3	2.430423E-3	-8.590631E+1	3.925480E+4	1.985400E+1	2.000100E+1	0.000000E+0	
-5.600000E+3	1.183278E-4	-2.500254E-3	2.503053E-3	-8.729042E+1	3.925480E+4	1.985600E+1	2.000100E+1	0.000000E+0	
-5.700000E+3	5.389281E-5	-2.596302E-3	2.596861E-3	-8.881085E+1	3.925480E+4	1.985600E+1	2.000100E+1	0.000000E+0	
-5.800000E+3	-1.901859E-5	-2.690023E-3	2.690090E-3	-9.040508E+1	3.925480E+4	1.985600E+1	2.000100E+1	0.000000E+0	
-5.900000E+3	-9.993315E-5	-2.809847E-3	2.811624E-3	-9.203688E+1	3.925480E+4	1.985400E+1	2.000100E+1	0.000000E+0	
-6.000000E+3	-1.874354E-4	-2.929403E-3	2.935394E-3	-9.366103E+1	3.925480E+4	1.985600E+1	2.000100E+1	0.000000E+0	
-6.100000E+3	-3.002472E-4	-3.084631E-3	3.099209E-3	-9.555946E+1	3.925480E+4	1.985600E+1	2.000100E+1	0.000000E+0	
-6.200000E+3	-4.049936E-4	-3.225776E-3	3.251100E-3	-9.715600E+1	3.925480E+4	1.985500E+1	2.000100E+1	0.000000E+0	
-6.300000E+3	-5.306871E-4	-3.396414E-3	3.437624E-3	-9.888062E+1	3.925480E+4	1.985500E+1	2.000100E+1	0.000000E+0	
-6.400000E+3	-6.351961E-4	-3.532668E-3	3.589320E-3	-1.001932E+2	3.925480E+4	1.985400E+1	2.000100E+1	0.000000E+0	
-6.500000E+3	-7.571624E-4	-3.693603E-3	3.770411E-3	-1.015847E+2	3.925480E+4	1.985400E+1	2.000100E+1	0.000000E+0	
-6.600000E+3	-8.368829E-4	-3.799239E-3	3.890320E-3	-1.024225E+2	3.925480E+4	1.985500E+1	2.000100E+1	0.000000E+0	
-6.700000E+3	-9.194032E-4	-3.908199E-3	4.014887E-3	-1.032381E+2	3.925480E+4	1.985900E+1	2.000100E+1	0.000000E+0	
-6.800000E+3	-9.717488E-4	-3.976838E-3	4.093841E-3	-1.037313E+2	3.925480E+4	1.985800E+1	2.000100E+1	0.000000E+0	
-6.900000E+3	-1.012726E-3	-4.033538E-3	4.158731E-3	-1.040943E+2	3.925480E+4	1.985600E+1	2.000200E+1	0.000000E+0	
-7.000000E+3	-1.036954E-3	-4.063057E-3	4.193293E-3	-1.043171E+2	3.925480E+4	1.985500E+1	2.000200E+1	0.000000E+0	
-7.100000E+3	-1.050167E-3	-4.078386E-3	4.211423E-3	-1.044397E+2	3.925480E+4	1.985300E+1	2.000100E+1	0.000000E+0	
-7.200000E+3	-1.047865E-3	-4.074222E-3	4.206816E-3	-1.044235E+2	3.925480E+4	1.985400E+1	2.000100E+1	0.000000E+0	
-7.300000E+3	-1.028053E-3	-4.043263E-3	4.171914E-3	-1.042659E+2	3.925480E+4	1.985400E+1	2.000200E+1	0.000000E+0	
-7.400000E+3	-9.973831E-4	-4.000465E-3	4.122923E-3	-1.039994E+2	3.925480E+4	1.985500E+1	2.000100E+1	0.000000E+0	
-7.500000E+3	-9.384879E-4	-3.916516E-3	4.027389E-3	-1.034753E+2	3.925480E+4	1.985300E+1	2.000100E+1	0.000000E+0	
-7.600000E+3	-8.644360E-4	-3.820023E-3	3.916609E-3	-1.027508E+2	3.925480E+4	1.985600E+1	2.000100E+1	0.000000E+0	
-7.700000E+3	-7.644885E-4	-3.684982E-3	3.763447E-3	-1.017204E+2	3.925480E+4	1.985500E+1	2.000100E+1	0.000000E+0	
-7.800000E+3	-6.750611E-4	-3.564327E-3	3.627690E-3	-1.007244E+2	3.925480E+4	1.985700E+1	2.000100E+1	0.000000E+0	
-7.900000E+3	-5.603352E-4	-3.411662E-3	3.457371E-3	-9.932705E+1	3.925480E+4	1.985600E+1	2.000100E+1	0.000000E+0	
-8.000000E+3	-4.655651E-4	-3.289177E-3	3.321962E-3	-9.805639E+1	3.925480E+4	1.985300E+1	2.000200E+1	0.000000E+0	
-8.100000E+3	-3.683929E-4	-3.158282E-3	3.179694E-3	-9.665311E+1	3.925480E+4	1.985400E+1	2.000200E+1	0.000000E+0	
-8.200000E+3	-3.038606E-4	-3.071449E-3	3.086443E-3	-9.564993E+1	3.925480E+4	1.985400E+1	2.000100E+1	0.000000E+0	
-8.300000E+3	-2.313685E-4	-2.972014E-3	2.981006E-3	-9.445145E+1	3.925480E+4	1.985400E+1	2.000100E+1	0.000000E+0	
-8.400000E+3	-1.860821E-4	-2.914201E-3	2.920136E-3	-9.365358E+1	3.925480E+4	1.985400E+1	2.000100E+1	0.000000E+0	
-8.500000E+3	-1.410185E-4	-2.849279E-3	2.852767E-3	-9.283341E+1	3.925480E+4	1.985600E+1	2.000100E+1	0.000000E+0	
-8.600000E+3	-1.109080E-4	-2.809943E-3	2.812131E-3	-9.226028E+1	3.925480E+4	1.985300E+1	2.000100E+1	0.000000E+0	
-8.700000E+3	-8.079791E-5	-2.765929E-3	2.767109E-3	-9.167324E+1	3.925480E+4	1.985500E+1	2.000100E+1	0.000000E+0	
-8.800000E+3	-6.026868E-5	-2.738376E-3	2.739039E-3	-9.126081E+1	3.925480E+4	1.985600E+1	2.000100E+1	0.000000E+0	
-8.900000E+3	-3.530300E-5	-2.705505E-3	2.705735E-3	-9.074759E+1	3.925480E+4	1.985500E+1	2.000100E+1	0.000000E+0	
-9.000000E+3	-1.866934E-5	-2.683302E-3	2.683367E-3	-9.039863E+1	3.925480E+4	1.985400E+1	2.000100E+1	0.000000E+0	
-9.100000E+3	-1.375947E-6	-2.661253E-3	2.661253E-3	-9.002962E+1	3.925480E+4	1.985600E+1	2.000000E+1	0.000000E+0	
-9.200000E+3	1.070553E-5	-2.643824E-3	2.643845E-3	-8.976800E+1	3.925480E+4	1.985500E+1	2.000000E+1	0.000000E+0	
-9.300000E+3	2.270711E-5	-2.630547E-3	2.630645E-3	-8.950543E+1	3.925480E+4	1.985400E+1	2.000100E+1	0.000000E+0	
-9.400000E+3	2.931001E-5	-2.619616E-3	2.619780E-3	-8.935896E+1	3.925480E+4	1.985500E+1	2.000000E+1	0.000000E+0	
-9.500000E+3	3.583073E-5	-2.611734E-3	2.611979E-3	-8.921400E+1	3.925480E+4	1.985400E+1	2.000000E+1	0.000000E+0	
-9.600000E+3	4.251967E-5	-2.605127E-3	2.605474E-3	-8.906493E+1	3.925480E+4	1.985500E+1	2.000000E+1	0.000000E+0	
-9.700000E+3	4.618582E-5	-2.596235E-3	2.596645E-3	-8.898084E+1	3.925480E+4	1.985300E+1	2.000000E+1	0.000000E+0	
-9.800000E+3	5.061642E-5	-2.591842E-3	2.592336E-3	-8.888121E+1	3.925480E+4	1.985500E+1	2.000000E+1	0.000000E+0	
-9.900000E+3	5.271271E-5	-2.587473E-3	2.588010E-3	-8.883292E+1	3.925480E+4	1.985600E+1	2.000000E+1	0.000000E+0	
-1.000000E+4	5.495066E-5	-2.585319E-3	2.585903E-3	-8.878237E+1	3.925480E+4	1.985300E+1	2.000100E+1	0.000000E+0	
-1.010000E+4	5.714281E-5	-2.581086E-3	2.581718E-3	-8.873173E+1	3.925480E+4	1.985600E+1	2.000100E+1	0.000000E+0	
-1.020000E+4	5.939511E-5	-2.578852E-3	2.579535E-3	-8.868062E+1	3.925480E+4	1.985400E+1	2.000100E+1	0.000000E+0	
-1.030000E+4	6.153773E-5	-2.576713E-3	2.577448E-3	-8.863191E+1	3.925480E+4	1.985500E+1	2.000100E+1	0.000000E+0	
-1.040000E+4	6.380482E-5	-2.574466E-3	2.575257E-3	-8.858029E+1	3.925480E+4	1.985400E+1	2.000100E+1	0.000000E+0	
-1.050000E+4	6.599599E-5	-2.572340E-3	2.573186E-3	-8.853034E+1	3.925480E+4	1.985500E+1	2.000100E+1	0.000000E+0	
-1.060000E+4	6.599706E-5	-2.570169E-3	2.571016E-3	-8.852908E+1	3.925480E+4	1.985500E+1	2.000100E+1	0.000000E+0	
-1.070000E+4	6.601497E-5	-2.570103E-3	2.570951E-3	-8.852864E+1	3.925480E+4	1.985500E+1	2.000100E+1	0.000000E+0	
-1.080000E+4	6.827650E-5	-2.570082E-3	2.570989E-3	-8.847825E+1	3.925480E+4	1.985300E+1	2.000100E+1	0.000000E+0	
-1.090000E+4	6.823715E-5	-2.567970E-3	2.568877E-3	-8.847787E+1	3.925480E+4	1.985400E+1	2.000100E+1	0.000000E+0	
-1.100000E+4	6.826751E-5	-2.567934E-3	2.568841E-3	-8.847717E+1	3.925480E+4	1.985800E+1	2.000100E+1	0.000000E+0	
