	
	Sensitivity=20 mV/nA,, Reserve=Normal,, Time Constant=100ms,, Low Pass Filter=24 dB/oct	
	Daten erstellt am: 	2018_10_04	
	***End of Header***
Stepwith 	Channel X LIA [V] 	Channel Y LIA [V] 	Amplitude LIA [V] 	Phase [°] 	Frequency [Hz] 	Temp Sensor 1 	Temp Sensor 2 	Current I [A]	Voltage over Resistance for Current [V] 
-1.000000E+2	-1.116559E-3	-9.467619E-4	1.463920E-3	-1.397044E+2	1.388120E+4	1.521800E+1	1.500000E+1	-4.768712E-2	-4.541631E-4
-2.000000E+2	-1.116021E-3	-9.459042E-4	1.462955E-3	-1.397164E+2	1.388120E+4	1.521800E+1	1.500000E+1	0.000000E+0	
-3.000000E+2	-1.115150E-3	-9.458951E-4	1.462285E-3	-1.396946E+2	1.388120E+4	1.522000E+1	1.500000E+1	0.000000E+0	
-4.000000E+2	-1.114265E-3	-9.458962E-4	1.461610E-3	-1.396722E+2	1.388120E+4	1.521700E+1	1.500000E+1	0.000000E+0	
-5.000000E+2	-1.113391E-3	-9.450134E-4	1.460373E-3	-1.396764E+2	1.388120E+4	1.521800E+1	1.500000E+1	0.000000E+0	
-6.000000E+2	-1.112508E-3	-9.449917E-4	1.459686E-3	-1.396546E+2	1.388120E+4	1.521700E+1	1.500000E+1	0.000000E+0	
-7.000000E+2	-1.111632E-3	-9.441420E-4	1.458468E-3	-1.396578E+2	1.388120E+4	1.521900E+1	1.500000E+1	0.000000E+0	
-8.000000E+2	-1.110739E-3	-9.441259E-4	1.457777E-3	-1.396355E+2	1.388120E+4	1.521600E+1	1.500000E+1	0.000000E+0	
-9.000000E+2	-1.108964E-3	-9.432605E-4	1.455865E-3	-1.396162E+2	1.388120E+4	1.521700E+1	1.500100E+1	0.000000E+0	
-1.000000E+3	-1.108097E-3	-9.423345E-4	1.454604E-3	-1.396219E+2	1.388120E+4	1.521800E+1	1.500100E+1	0.000000E+0	
-1.100000E+3	-1.106388E-3	-9.423306E-4	1.453300E-3	-1.395784E+2	1.388120E+4	1.521600E+1	1.500100E+1	0.000000E+0	
-1.200000E+3	-1.104593E-3	-9.414385E-4	1.451355E-3	-1.395592E+2	1.388120E+4	1.521700E+1	1.500100E+1	0.000000E+0	
-1.300000E+3	-1.101938E-3	-9.405705E-4	1.448772E-3	-1.395172E+2	1.388120E+4	1.521600E+1	1.500100E+1	0.000000E+0	
-1.400000E+3	-1.100180E-3	-9.388164E-4	1.446296E-3	-1.395249E+2	1.388120E+4	1.521700E+1	1.500100E+1	0.000000E+0	
-1.500000E+3	-1.096357E-3	-9.374628E-4	1.442510E-3	-1.394672E+2	1.388120E+4	1.521600E+1	1.500100E+1	0.000000E+0	
-1.600000E+3	-1.093153E-3	-9.361888E-4	1.439247E-3	-1.394229E+2	1.388120E+4	1.521600E+1	1.500100E+1	0.000000E+0	
-1.700000E+3	-1.088169E-3	-9.339428E-4	1.434002E-3	-1.393615E+2	1.388120E+4	1.521600E+1	1.500100E+1	0.000000E+0	
-1.800000E+3	-1.084650E-3	-9.330498E-4	1.430751E-3	-1.392968E+2	1.388120E+4	1.521400E+1	1.500000E+1	0.000000E+0	
-1.900000E+3	-1.078517E-3	-9.295369E-4	1.423811E-3	-1.392431E+2	1.388120E+4	1.521500E+1	1.500000E+1	0.000000E+0	
-2.000000E+3	-1.071455E-3	-9.268657E-4	1.416720E-3	-1.391384E+2	1.388120E+4	1.521600E+1	1.500000E+1	0.000000E+0	
-2.100000E+3	-1.063536E-3	-9.224874E-4	1.407868E-3	-1.390624E+2	1.388120E+4	1.521500E+1	1.500000E+1	0.000000E+0	
-2.200000E+3	-1.054035E-3	-9.172883E-4	1.397286E-3	-1.389681E+2	1.388120E+4	1.521600E+1	1.499900E+1	0.000000E+0	
-2.300000E+3	-1.038463E-3	-9.093667E-4	1.380346E-3	-1.387919E+2	1.388120E+4	1.521600E+1	1.499900E+1	0.000000E+0	
-2.400000E+3	-1.024417E-3	-9.026956E-4	1.365390E-3	-1.386141E+2	1.388120E+4	1.521700E+1	1.499900E+1	0.000000E+0	
-2.500000E+3	-1.002774E-3	-8.909403E-4	1.341391E-3	-1.383797E+2	1.388120E+4	1.521500E+1	1.499900E+1	0.000000E+0	
-2.600000E+3	-9.784541E-4	-8.792663E-4	1.315478E-3	-1.380562E+2	1.388120E+4	1.521500E+1	1.499900E+1	0.000000E+0	
-2.700000E+3	-9.376330E-4	-8.582233E-4	1.271103E-3	-1.375319E+2	1.388120E+4	1.521500E+1	1.499900E+1	0.000000E+0	
-2.800000E+3	-8.989701E-4	-8.384457E-4	1.229284E-3	-1.369951E+2	1.388120E+4	1.521400E+1	1.499900E+1	0.000000E+0	
-2.900000E+3	-8.344251E-4	-8.049895E-4	1.159428E-3	-1.360286E+2	1.388120E+4	1.521600E+1	1.499900E+1	0.000000E+0	
-3.000000E+3	-7.691952E-4	-7.726401E-4	1.090245E-3	-1.348720E+2	1.388120E+4	1.521500E+1	1.499900E+1	0.000000E+0	
-3.100000E+3	-6.605703E-4	-7.193650E-4	9.766469E-4	-1.325603E+2	1.388120E+4	1.521500E+1	1.500000E+1	0.000000E+0	
-3.200000E+3	-5.726543E-4	-6.752584E-4	8.853851E-4	-1.302997E+2	1.388120E+4	1.521600E+1	1.500000E+1	0.000000E+0	
-3.300000E+3	-4.519357E-4	-6.149983E-4	7.631964E-4	-1.263106E+2	1.388120E+4	1.521500E+1	1.500000E+1	0.000000E+0	
-3.400000E+3	-3.490561E-4	-5.660722E-4	6.650397E-4	-1.216592E+2	1.388120E+4	1.521400E+1	1.500000E+1	0.000000E+0	
-3.500000E+3	-2.338098E-4	-5.093666E-4	5.604653E-4	-1.146561E+2	1.388120E+4	1.521400E+1	1.500000E+1	0.000000E+0	
-3.600000E+3	-1.518609E-4	-4.697025E-4	4.936417E-4	-1.079167E+2	1.388120E+4	1.521600E+1	1.500000E+1	0.000000E+0	
-3.700000E+3	-6.480505E-5	-4.276083E-4	4.324911E-4	-9.861773E+1	1.388120E+4	1.521200E+1	1.500000E+1	0.000000E+0	
-3.800000E+3	-1.286171E-5	-4.035328E-4	4.037377E-4	-9.182556E+1	1.388120E+4	1.521300E+1	1.500000E+1	0.000000E+0	
-3.900000E+3	2.853415E-5	-3.827709E-4	3.838330E-4	-8.573670E+1	1.388120E+4	1.521400E+1	1.500000E+1	0.000000E+0	
-4.000000E+3	4.572451E-5	-3.734481E-4	3.762369E-4	-8.301952E+1	1.388120E+4	1.521400E+1	1.500100E+1	0.000000E+0	
-4.100000E+3	5.363685E-5	-3.699637E-4	3.738315E-4	-8.175081E+1	1.388120E+4	1.521600E+1	1.500100E+1	0.000000E+0	
-4.200000E+3	4.592853E-5	-3.734651E-4	3.762787E-4	-8.298900E+1	1.388120E+4	1.521600E+1	1.500100E+1	0.000000E+0	
-4.300000E+3	1.879581E-5	-3.871577E-4	3.876137E-4	-8.722058E+1	1.388120E+4	1.521600E+1	1.500100E+1	0.000000E+0	
-4.400000E+3	-1.846042E-5	-4.058758E-4	4.062954E-4	-9.260418E+1	1.388120E+4	1.521500E+1	1.500100E+1	0.000000E+0	
-4.500000E+3	-8.509403E-5	-4.387518E-4	4.469275E-4	-1.009760E+2	1.388120E+4	1.521600E+1	1.500100E+1	0.000000E+0	
-4.600000E+3	-1.688304E-4	-4.780827E-4	5.070176E-4	-1.094502E+2	1.388120E+4	1.521400E+1	1.500100E+1	0.000000E+0	
-4.700000E+3	-2.737108E-4	-5.307406E-4	5.971626E-4	-1.172808E+2	1.388120E+4	1.521400E+1	1.500100E+1	0.000000E+0	
-4.800000E+3	-3.667136E-4	-5.768427E-4	6.835396E-4	-1.224452E+2	1.388120E+4	1.521400E+1	1.500100E+1	0.000000E+0	
-4.900000E+3	-4.897975E-4	-6.380914E-4	8.044018E-4	-1.275098E+2	1.388120E+4	1.521400E+1	1.500100E+1	0.000000E+0	
-5.000000E+3	-5.910170E-4	-6.872568E-4	9.064342E-4	-1.306944E+2	1.388120E+4	1.521300E+1	1.500100E+1	0.000000E+0	
-5.100000E+3	-7.025689E-4	-7.422397E-4	1.022019E-3	-1.334272E+2	1.388120E+4	1.521400E+1	1.500100E+1	0.000000E+0	
-5.200000E+3	-7.873557E-4	-7.828483E-4	1.110306E-3	-1.351645E+2	1.388120E+4	1.521400E+1	1.500100E+1	0.000000E+0	
-5.300000E+3	-8.708532E-4	-8.255555E-4	1.199970E-3	-1.365296E+2	1.388120E+4	1.521500E+1	1.500100E+1	0.000000E+0	
-5.400000E+3	-9.395748E-4	-8.575939E-4	1.272112E-3	-1.376118E+2	1.388120E+4	1.521400E+1	1.500100E+1	0.000000E+0	
-5.500000E+3	-1.007249E-3	-8.930483E-4	1.346137E-3	-1.384391E+2	1.388120E+4	1.521500E+1	1.500100E+1	0.000000E+0	
-5.600000E+3	-1.065571E-3	-9.224114E-4	1.409356E-3	-1.391189E+2	1.388120E+4	1.521400E+1	1.500100E+1	0.000000E+0	
-5.700000E+3	-1.138583E-3	-9.599316E-4	1.489242E-3	-1.398660E+2	1.388120E+4	1.521500E+1	1.500100E+1	0.000000E+0	
-5.800000E+3	-1.205084E-3	-9.929462E-4	1.561464E-3	-1.405127E+2	1.388120E+4	1.521300E+1	1.500100E+1	0.000000E+0	
-5.900000E+3	-1.295215E-3	-1.040033E-3	1.661099E-3	-1.412362E+2	1.388120E+4	1.521600E+1	1.500100E+1	0.000000E+0	
-6.000000E+3	-1.390754E-3	-1.085640E-3	1.764316E-3	-1.420239E+2	1.388120E+4	1.521400E+1	1.500200E+1	0.000000E+0	
-6.100000E+3	-1.501843E-3	-1.143958E-3	1.887901E-3	-1.427034E+2	1.388120E+4	1.521300E+1	1.500200E+1	0.000000E+0	
-6.200000E+3	-1.608811E-3	-1.196299E-3	2.004845E-3	-1.433658E+2	1.388120E+4	1.521400E+1	1.500200E+1	0.000000E+0	
-6.300000E+3	-1.734063E-3	-1.259803E-3	2.143380E-3	-1.440015E+2	1.388120E+4	1.521400E+1	1.500200E+1	0.000000E+0	
-6.400000E+3	-1.854672E-3	-1.315270E-3	2.273707E-3	-1.446571E+2	1.388120E+4	1.521400E+1	1.500200E+1	0.000000E+0	
-6.500000E+3	-1.960916E-3	-1.369772E-3	2.391958E-3	-1.450643E+2	1.388120E+4	1.521400E+1	1.500200E+1	0.000000E+0	
-6.600000E+3	-2.046490E-3	-1.409898E-3	2.485143E-3	-1.454357E+2	1.388120E+4	1.521600E+1	1.500200E+1	0.000000E+0	
-6.700000E+3	-2.128443E-3	-1.456103E-3	2.578857E-3	-1.456233E+2	1.388120E+4	1.521600E+1	1.500200E+1	0.000000E+0	
-6.800000E+3	-2.183955E-3	-1.476874E-3	2.636440E-3	-1.459320E+2	1.388120E+4	1.521500E+1	1.500200E+1	0.000000E+0	
-6.900000E+3	-2.227239E-3	-1.497716E-3	2.683980E-3	-1.460810E+2	1.388120E+4	1.521700E+1	1.500200E+1	0.000000E+0	
-7.000000E+3	-2.252637E-3	-1.509061E-3	2.711390E-3	-1.461815E+2	1.388120E+4	1.521500E+1	1.500200E+1	0.000000E+0	
-7.100000E+3	-2.263180E-3	-1.513493E-3	2.722617E-3	-1.462275E+2	1.388120E+4	1.521500E+1	1.500100E+1	0.000000E+0	
-7.200000E+3	-2.262276E-3	-1.512623E-3	2.721382E-3	-1.462322E+2	1.388120E+4	1.521500E+1	1.500100E+1	0.000000E+0	
-7.300000E+3	-2.242368E-3	-1.501221E-3	2.698495E-3	-1.461985E+2	1.388120E+4	1.521500E+1	1.500100E+1	0.000000E+0	
-7.400000E+3	-2.210229E-3	-1.484724E-3	2.662615E-3	-1.461087E+2	1.388120E+4	1.521600E+1	1.500000E+1	0.000000E+0	
-7.500000E+3	-2.149888E-3	-1.452512E-3	2.594573E-3	-1.459562E+2	1.388120E+4	1.521600E+1	1.500000E+1	0.000000E+0	
-7.600000E+3	-2.083355E-3	-1.418911E-3	2.520650E-3	-1.457424E+2	1.388120E+4	1.521600E+1	1.500000E+1	0.000000E+0	
-7.700000E+3	-1.984174E-3	-1.369495E-3	2.410905E-3	-1.453862E+2	1.388120E+4	1.521500E+1	1.500000E+1	0.000000E+0	
-7.800000E+3	-1.889182E-3	-1.323033E-3	2.306388E-3	-1.449956E+2	1.388120E+4	1.521700E+1	1.500000E+1	0.000000E+0	
-7.900000E+3	-1.776009E-3	-1.266962E-3	2.181605E-3	-1.444969E+2	1.388120E+4	1.521700E+1	1.500000E+1	0.000000E+0	
-8.000000E+3	-1.682504E-3	-1.221381E-3	2.079085E-3	-1.440230E+2	1.388120E+4	1.521700E+1	1.500000E+1	0.000000E+0	
-8.100000E+3	-1.583847E-3	-1.172457E-3	1.970590E-3	-1.434890E+2	1.388120E+4	1.521600E+1	1.500000E+1	0.000000E+0	
-8.200000E+3	-1.510307E-3	-1.137008E-3	1.890453E-3	-1.430264E+2	1.388120E+4	1.521600E+1	1.500000E+1	0.000000E+0	
-8.300000E+3	-1.434472E-3	-1.099638E-3	1.807461E-3	-1.425269E+2	1.388120E+4	1.521700E+1	1.500000E+1	0.000000E+0	
-8.400000E+3	-1.388188E-3	-1.076474E-3	1.756662E-3	-1.422081E+2	1.388120E+4	1.521600E+1	1.500100E+1	0.000000E+0	
-8.500000E+3	-1.342066E-3	-1.053925E-3	1.706429E-3	-1.418574E+2	1.388120E+4	1.521700E+1	1.500100E+1	0.000000E+0	
-8.600000E+3	-1.306934E-3	-1.037260E-3	1.668528E-3	-1.415624E+2	1.388120E+4	1.521700E+1	1.500100E+1	0.000000E+0	
-8.700000E+3	-1.277853E-3	-1.021770E-3	1.636130E-3	-1.413542E+2	1.388120E+4	1.521700E+1	1.500100E+1	0.000000E+0	
-8.800000E+3	-1.253984E-3	-1.010518E-3	1.610473E-3	-1.411365E+2	1.388120E+4	1.521700E+1	1.500100E+1	0.000000E+0	
-8.900000E+3	-1.229903E-3	-9.982765E-4	1.584051E-3	-1.409348E+2	1.388120E+4	1.521700E+1	1.500100E+1	0.000000E+0	
-9.000000E+3	-1.211492E-3	-9.894557E-4	1.564205E-3	-1.407606E+2	1.388120E+4	1.521600E+1	1.500000E+1	0.000000E+0	
-9.100000E+3	-1.194435E-3	-9.810294E-4	1.545669E-3	-1.406026E+2	1.388120E+4	1.521500E+1	1.500000E+1	0.000000E+0	
-9.200000E+3	-1.181273E-3	-9.749456E-4	1.531641E-3	-1.404660E+2	1.388120E+4	1.521700E+1	1.500000E+1	0.000000E+0	
-9.300000E+3	-1.170879E-3	-9.696368E-4	1.520248E-3	-1.403709E+2	1.388120E+4	1.521600E+1	1.500000E+1	0.000000E+0	
-9.400000E+3	-1.162504E-3	-9.652222E-4	1.510983E-3	-1.402973E+2	1.388120E+4	1.521700E+1	1.499900E+1	0.000000E+0	
-9.500000E+3	-1.155075E-3	-9.625510E-4	1.503564E-3	-1.401948E+2	1.388120E+4	1.521600E+1	1.499900E+1	0.000000E+0	
-9.600000E+3	-1.148877E-3	-9.599080E-4	1.497112E-3	-1.401206E+2	1.388120E+4	1.521800E+1	1.499900E+1	0.000000E+0	
-9.700000E+3	-1.144813E-3	-9.581568E-4	1.492870E-3	-1.400722E+2	1.388120E+4	1.521700E+1	1.499900E+1	0.000000E+0	
-9.800000E+3	-1.141285E-3	-9.563798E-4	1.489025E-3	-1.400375E+2	1.388120E+4	1.521600E+1	1.499900E+1	0.000000E+0	
-9.900000E+3	-1.137773E-3	-9.545856E-4	1.485181E-3	-1.400035E+2	1.388120E+4	1.521800E+1	1.499900E+1	0.000000E+0	
-1.000000E+4	-1.135087E-3	-9.537022E-4	1.482555E-3	-1.399630E+2	1.388120E+4	1.521700E+1	1.499900E+1	0.000000E+0	
-1.010000E+4	-1.132489E-3	-9.519973E-4	1.479470E-3	-1.399488E+2	1.388120E+4	1.521700E+1	1.499900E+1	0.000000E+0	
-1.020000E+4	-1.130745E-3	-9.519971E-4	1.478135E-3	-1.399053E+2	1.388120E+4	1.521500E+1	1.499900E+1	0.000000E+0	
-1.030000E+4	-1.128984E-3	-9.511183E-4	1.476222E-3	-1.398874E+2	1.388120E+4	1.521600E+1	1.500000E+1	0.000000E+0	
-1.040000E+4	-1.127235E-3	-9.502157E-4	1.474303E-3	-1.398704E+2	1.388120E+4	1.521600E+1	1.500000E+1	0.000000E+0	
-1.050000E+4	-1.125467E-3	-9.493900E-4	1.472419E-3	-1.398506E+2	1.388120E+4	1.521600E+1	1.500000E+1	0.000000E+0	
-1.060000E+4	-1.124563E-3	-9.493924E-4	1.471730E-3	-1.398279E+2	1.388120E+4	1.521800E+1	1.500000E+1	0.000000E+0	
-1.070000E+4	-1.123712E-3	-9.485244E-4	1.470520E-3	-1.398323E+2	1.388120E+4	1.521500E+1	1.500000E+1	0.000000E+0	
-1.080000E+4	-1.122813E-3	-9.485094E-4	1.469822E-3	-1.398101E+2	1.388120E+4	1.521600E+1	1.500000E+1	0.000000E+0	
-1.090000E+4	-1.121939E-3	-9.476260E-4	1.468585E-3	-1.398145E+2	1.388120E+4	1.521600E+1	1.500000E+1	0.000000E+0	
-1.100000E+4	-1.121038E-3	-9.476520E-4	1.467914E-3	-1.397910E+2	1.388120E+4	1.521700E+1	1.500000E+1	0.000000E+0	
