	
	Sensitivity=200  uV/pA,, Reserve=Normal,, Time Constant=100ms,, Low Pass Filter=24 dB/oct	
	Daten erstellt am: 	2018_10_04	
	***End of Header***
Stepwith 	Channel X LIA [V] 	Channel Y LIA [V] 	Amplitude LIA [V] 	Phase [°] 	Frequency [Hz] 	Temp Sensor 1 	Temp Sensor 2 	Current I [A]	Voltage over Resistance for Current [V] 
-1.000000E+2	-1.478131E-6	2.506465E-6	2.909852E-6	1.205290E+2	1.030000E+2	1.521200E+1	1.499900E+1	-4.804255E-2	-4.575481E-4
-2.000000E+2	-5.922264E-7	2.769589E-6	2.832200E-6	1.020699E+2	1.030000E+2	1.521000E+1	1.499900E+1	0.000000E+0	
-3.000000E+2	-4.506212E-7	2.795768E-6	2.831851E-6	9.915617E+1	1.030000E+2	1.521000E+1	1.499900E+1	0.000000E+0	
-4.000000E+2	-5.382447E-7	2.769636E-6	2.821451E-6	1.009977E+2	1.030000E+2	1.520900E+1	1.499900E+1	0.000000E+0	
-5.000000E+2	-3.387703E-7	2.769649E-6	2.790291E-6	9.697351E+1	1.030000E+2	1.521100E+1	1.499900E+1	0.000000E+0	
-6.000000E+2	-5.383064E-7	2.769672E-6	2.821499E-6	1.009987E+2	1.030000E+2	1.520800E+1	1.499900E+1	0.000000E+0	
-7.000000E+2	-4.996237E-7	2.745841E-6	2.790926E-6	1.003125E+2	1.030000E+2	1.520900E+1	1.499900E+1	0.000000E+0	
-8.000000E+2	-5.283731E-7	2.804701E-6	2.854037E-6	1.006688E+2	1.030000E+2	1.520900E+1	1.499900E+1	0.000000E+0	
-9.000000E+2	-3.468102E-7	2.804611E-6	2.825973E-6	9.704925E+1	1.030000E+2	1.520800E+1	1.499900E+1	0.000000E+0	
-1.000000E+3	-4.063329E-7	2.707601E-6	2.737921E-6	9.853475E+1	1.030000E+2	1.521000E+1	1.499900E+1	0.000000E+0	
-1.100000E+3	-3.886854E-7	2.795749E-6	2.822639E-6	9.791494E+1	1.030000E+2	1.520800E+1	1.500000E+1	0.000000E+0	
-1.200000E+3	-3.407520E-7	2.743081E-6	2.764164E-6	9.708114E+1	1.030000E+2	1.520800E+1	1.500000E+1	0.000000E+0	
-1.300000E+3	-3.383787E-7	2.805870E-6	2.826200E-6	9.687648E+1	1.030000E+2	1.520700E+1	1.500000E+1	0.000000E+0	
-1.400000E+3	-3.478787E-7	2.655586E-6	2.678275E-6	9.746318E+1	1.030000E+2	1.520700E+1	1.500000E+1	0.000000E+0	
-1.500000E+3	-2.043209E-7	2.769717E-6	2.777243E-6	9.421905E+1	1.030000E+2	1.520700E+1	1.500000E+1	0.000000E+0	
-1.600000E+3	-2.181701E-7	2.831285E-6	2.839678E-6	9.440633E+1	1.030000E+2	1.520700E+1	1.500000E+1	0.000000E+0	
-1.700000E+3	-2.336871E-7	2.795834E-6	2.805583E-6	9.477791E+1	1.030000E+2	1.520700E+1	1.500000E+1	0.000000E+0	
-1.800000E+3	-2.424011E-7	2.769544E-6	2.780132E-6	9.500200E+1	1.030000E+2	1.520600E+1	1.500000E+1	0.000000E+0	
-1.900000E+3	-3.906127E-8	2.747884E-6	2.748162E-6	9.081441E+1	1.030000E+2	1.520800E+1	1.500000E+1	0.000000E+0	
-2.000000E+3	-2.542046E-7	2.833382E-6	2.844762E-6	9.512672E+1	1.030000E+2	1.520500E+1	1.500000E+1	0.000000E+0	
-2.100000E+3	-3.891324E-8	2.844222E-6	2.844488E-6	9.078384E+1	1.030000E+2	1.520500E+1	1.500000E+1	0.000000E+0	
-2.200000E+3	1.818311E-7	2.743064E-6	2.749084E-6	8.620755E+1	1.030000E+2	1.520500E+1	1.500000E+1	0.000000E+0	
-2.300000E+3	2.041603E-7	2.795853E-6	2.803298E-6	8.582353E+1	1.030000E+2	1.520600E+1	1.500000E+1	0.000000E+0	
-2.400000E+3	3.360900E-7	2.867613E-6	2.887241E-6	8.331532E+1	1.030000E+2	1.520400E+1	1.500000E+1	0.000000E+0	
-2.500000E+3	5.728383E-7	2.827216E-6	2.884665E-6	7.854603E+1	1.030000E+2	1.520400E+1	1.500000E+1	0.000000E+0	
-2.600000E+3	7.466035E-7	2.743212E-6	2.842996E-6	7.477493E+1	1.030000E+2	1.520500E+1	1.500100E+1	0.000000E+0	
-2.700000E+3	1.144751E-6	2.844737E-6	3.066428E-6	6.807965E+1	1.030000E+2	1.520400E+1	1.500100E+1	0.000000E+0	
-2.800000E+3	1.688574E-6	2.786751E-6	3.258414E-6	5.878710E+1	1.030000E+2	1.520400E+1	1.500100E+1	0.000000E+0	
-2.900000E+3	2.067307E-6	2.799143E-6	3.479793E-6	5.355227E+1	1.030000E+2	1.520500E+1	1.500100E+1	0.000000E+0	
-3.000000E+3	2.927032E-6	2.880206E-6	4.106471E-6	4.453801E+1	1.030000E+2	1.520400E+1	1.500100E+1	0.000000E+0	
-3.100000E+3	4.018882E-6	2.756834E-6	4.873556E-6	3.444897E+1	1.030000E+2	1.520400E+1	1.500100E+1	0.000000E+0	
-3.200000E+3	4.710592E-6	2.844717E-6	5.502917E-6	3.112770E+1	1.030000E+2	1.520400E+1	1.500100E+1	0.000000E+0	
-3.300000E+3	5.904105E-6	2.853497E-6	6.557508E-6	2.579482E+1	1.030000E+2	1.520300E+1	1.500100E+1	0.000000E+0	
-3.400000E+3	6.989321E-6	2.897778E-6	7.566223E-6	2.251894E+1	1.030000E+2	1.520400E+1	1.500100E+1	0.000000E+0	
-3.500000E+3	7.934056E-6	2.807990E-6	8.416297E-6	1.948969E+1	1.030000E+2	1.520400E+1	1.500100E+1	0.000000E+0	
-3.600000E+3	8.845395E-6	2.799435E-6	9.277815E-6	1.756180E+1	1.030000E+2	1.520400E+1	1.500100E+1	0.000000E+0	
-3.700000E+3	9.714027E-6	2.862100E-6	1.012689E-5	1.641686E+1	1.030000E+2	1.520300E+1	1.500100E+1	0.000000E+0	
-3.800000E+3	1.026206E-5	2.796023E-6	1.063615E-5	1.524097E+1	1.030000E+2	1.520400E+1	1.500100E+1	0.000000E+0	
-3.900000E+3	1.063340E-5	2.865754E-6	1.101280E-5	1.508314E+1	1.030000E+2	1.520200E+1	1.500100E+1	0.000000E+0	
-4.000000E+3	1.062758E-5	2.915170E-6	1.102015E-5	1.533908E+1	1.030000E+2	1.520200E+1	1.500000E+1	0.000000E+0	
-4.100000E+3	1.075755E-5	2.778268E-6	1.111052E-5	1.448091E+1	1.030000E+2	1.520400E+1	1.500000E+1	0.000000E+0	
-4.200000E+3	1.077922E-5	2.804726E-6	1.113813E-5	1.458482E+1	1.030000E+2	1.520400E+1	1.500000E+1	0.000000E+0	
-4.300000E+3	1.057806E-5	2.747421E-6	1.092903E-5	1.455963E+1	1.030000E+2	1.520300E+1	1.499900E+1	0.000000E+0	
-4.400000E+3	1.016053E-5	2.924149E-6	1.057294E-5	1.605554E+1	1.030000E+2	1.520300E+1	1.499900E+1	0.000000E+0	
-4.500000E+3	9.549547E-6	2.743176E-6	9.935736E-6	1.602709E+1	1.030000E+2	1.520300E+1	1.499900E+1	0.000000E+0	
-4.600000E+3	8.806123E-6	2.792924E-6	9.238410E-6	1.759679E+1	1.030000E+2	1.520300E+1	1.499900E+1	0.000000E+0	
-4.700000E+3	7.668911E-6	2.882609E-6	8.192780E-6	2.060036E+1	1.030000E+2	1.520300E+1	1.499800E+1	0.000000E+0	
-4.800000E+3	6.643625E-6	2.880548E-6	7.241223E-6	2.344062E+1	1.030000E+2	1.520200E+1	1.499800E+1	0.000000E+0	
-4.900000E+3	5.706986E-6	2.862341E-6	6.384566E-6	2.663607E+1	1.030000E+2	1.520200E+1	1.499900E+1	0.000000E+0	
-5.000000E+3	4.378080E-6	2.769689E-6	5.180614E-6	3.231853E+1	1.030000E+2	1.520300E+1	1.499900E+1	0.000000E+0	
-5.100000E+3	3.377179E-6	2.795746E-6	4.384237E-6	3.961914E+1	1.030000E+2	1.520300E+1	1.499900E+1	0.000000E+0	
-5.200000E+3	2.636179E-6	2.769506E-6	3.823559E-6	4.641287E+1	1.030000E+2	1.520400E+1	1.500000E+1	0.000000E+0	
-5.300000E+3	1.854408E-6	2.793436E-6	3.352927E-6	5.642201E+1	1.030000E+2	1.520500E+1	1.500000E+1	0.000000E+0	
-5.400000E+3	1.180285E-6	2.853285E-6	3.087768E-6	6.752716E+1	1.030000E+2	1.520300E+1	1.500000E+1	0.000000E+0	
-5.500000E+3	4.786146E-7	2.681113E-6	2.723497E-6	7.987855E+1	1.030000E+2	1.520400E+1	1.500000E+1	0.000000E+0	
-5.600000E+3	-1.901743E-7	2.743024E-6	2.749609E-6	9.396598E+1	1.030000E+2	1.520200E+1	1.500000E+1	0.000000E+0	
-5.700000E+3	-6.746635E-7	2.714159E-6	2.796753E-6	1.039592E+2	1.030000E+2	1.520300E+1	1.500000E+1	0.000000E+0	
-5.800000E+3	-1.545152E-6	2.745215E-6	3.150190E-6	1.193731E+2	1.030000E+2	1.520100E+1	1.500000E+1	0.000000E+0	
-5.900000E+3	-2.284952E-6	2.697653E-6	3.535299E-6	1.302651E+2	1.030000E+2	1.520200E+1	1.500000E+1	0.000000E+0	
-6.000000E+3	-3.033055E-6	2.743216E-6	4.089579E-6	1.378725E+2	1.030000E+2	1.520200E+1	1.500000E+1	0.000000E+0	
-6.100000E+3	-4.263664E-6	2.778197E-6	5.088930E-6	1.469118E+2	1.030000E+2	1.520200E+1	1.500100E+1	0.000000E+0	
-6.200000E+3	-5.395404E-6	2.742999E-6	6.052638E-6	1.530514E+2	1.030000E+2	1.520200E+1	1.500100E+1	0.000000E+0	
-6.300000E+3	-6.549171E-6	2.716150E-6	7.090071E-6	1.574747E+2	1.030000E+2	1.520100E+1	1.500100E+1	0.000000E+0	
-6.400000E+3	-7.533487E-6	2.773935E-6	8.027960E-6	1.597856E+2	1.030000E+2	1.520100E+1	1.500100E+1	0.000000E+0	
-6.500000E+3	-8.708495E-6	2.760883E-6	9.135664E-6	1.624097E+2	1.030000E+2	1.520400E+1	1.500100E+1	0.000000E+0	
-6.600000E+3	-9.428169E-6	2.718969E-6	9.812399E-6	1.639131E+2	1.030000E+2	1.520200E+1	1.500100E+1	0.000000E+0	
-6.700000E+3	-1.018839E-5	2.582840E-6	1.051068E-5	1.657747E+2	1.030000E+2	1.520300E+1	1.500100E+1	0.000000E+0	
-6.800000E+3	-1.068537E-5	2.769603E-6	1.103847E-5	1.654690E+2	1.030000E+2	1.520100E+1	1.500100E+1	0.000000E+0	
-6.900000E+3	-1.118364E-5	2.681423E-6	1.150060E-5	1.665171E+2	1.030000E+2	1.520200E+1	1.500100E+1	0.000000E+0	
-7.000000E+3	-1.128747E-5	2.743245E-6	1.161603E-5	1.663400E+2	1.030000E+2	1.520300E+1	1.500100E+1	0.000000E+0	
-7.100000E+3	-1.152333E-5	2.793355E-6	1.185706E-5	1.663738E+2	1.030000E+2	1.520200E+1	1.500100E+1	0.000000E+0	
-7.200000E+3	-1.156795E-5	2.707504E-6	1.188057E-5	1.668269E+2	1.030000E+2	1.520200E+1	1.500100E+1	0.000000E+0	
-7.300000E+3	-1.118011E-5	2.620433E-6	1.148310E-5	1.668089E+2	1.030000E+2	1.520300E+1	1.500000E+1	0.000000E+0	
-7.400000E+3	-1.094016E-5	2.804718E-6	1.129396E-5	1.656208E+2	1.030000E+2	1.520300E+1	1.500000E+1	0.000000E+0	
-7.500000E+3	-1.040673E-5	2.673197E-6	1.074458E-5	1.655938E+2	1.030000E+2	1.520200E+1	1.500000E+1	0.000000E+0	
-7.600000E+3	-9.648174E-6	2.796025E-6	1.004515E-5	1.638385E+2	1.030000E+2	1.520400E+1	1.500000E+1	0.000000E+0	
-7.700000E+3	-8.766470E-6	2.716298E-6	9.177651E-6	1.627844E+2	1.030000E+2	1.520200E+1	1.500000E+1	0.000000E+0	
-7.800000E+3	-8.052733E-6	2.769508E-6	8.515673E-6	1.610208E+2	1.030000E+2	1.520200E+1	1.500000E+1	0.000000E+0	
-7.900000E+3	-6.778939E-6	2.721880E-6	7.304974E-6	1.581236E+2	1.030000E+2	1.520200E+1	1.500000E+1	0.000000E+0	
-8.000000E+3	-5.824017E-6	2.771820E-6	6.449974E-6	1.545489E+2	1.030000E+2	1.520200E+1	1.500000E+1	0.000000E+0	
-8.100000E+3	-4.865976E-6	2.827037E-6	5.627598E-6	1.498442E+2	1.030000E+2	1.520200E+1	1.500000E+1	0.000000E+0	
-8.200000E+3	-4.063909E-6	2.743141E-6	4.903079E-6	1.459806E+2	1.030000E+2	1.520300E+1	1.500000E+1	0.000000E+0	
-8.300000E+3	-3.414404E-6	2.786874E-6	4.407360E-6	1.407783E+2	1.030000E+2	1.520300E+1	1.500000E+1	0.000000E+0	
-8.400000E+3	-3.039428E-6	2.752119E-6	4.100278E-6	1.378400E+2	1.030000E+2	1.520300E+1	1.499900E+1	0.000000E+0	
-8.500000E+3	-2.633859E-6	2.765195E-6	3.818837E-6	1.336065E+2	1.030000E+2	1.520300E+1	1.499900E+1	0.000000E+0	
-8.600000E+3	-2.220659E-6	2.827244E-6	3.595085E-6	1.281479E+2	1.030000E+2	1.520300E+1	1.499900E+1	0.000000E+0	
-8.700000E+3	-1.880096E-6	2.778044E-6	3.354443E-6	1.240890E+2	1.030000E+2	1.520200E+1	1.499900E+1	0.000000E+0	
-8.800000E+3	-1.816391E-6	2.676399E-6	3.234561E-6	1.241635E+2	1.030000E+2	1.520300E+1	1.499900E+1	0.000000E+0	
-8.900000E+3	-1.634588E-6	2.757777E-6	3.205810E-6	1.206560E+2	1.030000E+2	1.520300E+1	1.499900E+1	0.000000E+0	
-9.000000E+3	-1.416448E-6	2.818263E-6	3.154193E-6	1.166839E+2	1.030000E+2	1.520300E+1	1.499900E+1	0.000000E+0	
-9.100000E+3	-1.111122E-6	2.748109E-6	2.964236E-6	1.120146E+2	1.030000E+2	1.520400E+1	1.499900E+1	0.000000E+0	
-9.200000E+3	-1.113592E-6	2.795735E-6	3.009355E-6	1.117183E+2	1.030000E+2	1.520400E+1	1.499900E+1	0.000000E+0	
-9.300000E+3	-1.105219E-6	2.814419E-6	3.023651E-6	1.114399E+2	1.030000E+2	1.520200E+1	1.500000E+1	0.000000E+0	
-9.400000E+3	-9.834345E-7	2.764189E-6	2.933919E-6	1.095844E+2	1.030000E+2	1.520400E+1	1.500000E+1	0.000000E+0	
-9.500000E+3	-9.322450E-7	2.896361E-6	3.042694E-6	1.078417E+2	1.030000E+2	1.520400E+1	1.500000E+1	0.000000E+0	
-9.600000E+3	-8.528907E-7	2.800172E-6	2.927180E-6	1.069400E+2	1.030000E+2	1.520400E+1	1.500000E+1	0.000000E+0	
-9.700000E+3	-6.650378E-7	2.835978E-6	2.912911E-6	1.031974E+2	1.030000E+2	1.520400E+1	1.500000E+1	0.000000E+0	
-9.800000E+3	-7.719718E-7	2.747983E-6	2.854356E-6	1.056913E+2	1.030000E+2	1.520300E+1	1.500000E+1	0.000000E+0	
-9.900000E+3	-7.036237E-7	2.853395E-6	2.938869E-6	1.038523E+2	1.030000E+2	1.520500E+1	1.500000E+1	0.000000E+0	
-1.000000E+4	-7.674565E-7	2.751930E-6	2.856941E-6	1.055827E+2	1.030000E+2	1.520600E+1	1.500100E+1	0.000000E+0	
-1.010000E+4	-6.796399E-7	2.807081E-6	2.888186E-6	1.036103E+2	1.030000E+2	1.520300E+1	1.500100E+1	0.000000E+0	
-1.020000E+4	-5.406720E-7	2.696749E-6	2.750415E-6	1.013369E+2	1.030000E+2	1.520400E+1	1.500100E+1	0.000000E+0	
-1.030000E+4	-6.264799E-7	2.795654E-6	2.864988E-6	1.026308E+2	1.030000E+2	1.520500E+1	1.500100E+1	0.000000E+0	
-1.040000E+4	-6.622634E-7	2.761189E-6	2.839499E-6	1.034875E+2	1.030000E+2	1.520300E+1	1.500100E+1	0.000000E+0	
-1.050000E+4	-5.202434E-7	2.729903E-6	2.779033E-6	1.007896E+2	1.030000E+2	1.520400E+1	1.500100E+1	0.000000E+0	
-1.060000E+4	-5.727201E-7	2.769684E-6	2.828279E-6	1.016831E+2	1.030000E+2	1.520300E+1	1.500100E+1	0.000000E+0	
-1.070000E+4	-4.855029E-7	2.757594E-6	2.800007E-6	9.998518E+1	1.030000E+2	1.520300E+1	1.500100E+1	0.000000E+0	
-1.080000E+4	-5.082598E-7	2.900457E-6	2.944653E-6	9.993928E+1	1.030000E+2	1.520200E+1	1.500100E+1	0.000000E+0	
-1.090000E+4	-6.062026E-7	2.759149E-6	2.824958E-6	1.023914E+2	1.030000E+2	1.520300E+1	1.500100E+1	0.000000E+0	
-1.100000E+4	-4.151609E-7	2.743181E-6	2.774418E-6	9.860600E+1	1.030000E+2	1.520300E+1	1.500100E+1	0.000000E+0	
