	
	Sensitivity=20 mV/nA,, Reserve=Normal,, Time Constant=100ms,, Low Pass Filter=24 dB/oct	
	Daten erstellt am: 	2018_10_04	
	***End of Header***
Stepwith 	Channel X LIA [V] 	Channel Y LIA [V] 	Amplitude LIA [V] 	Phase [°] 	Frequency [Hz] 	Temp Sensor 1 	Temp Sensor 2 	Current I [A]	Voltage over Resistance for Current [V] 
-1.000000E+2	-1.126623E-3	-1.286973E-3	1.710432E-3	-1.311991E+2	1.705790E+4	1.075000E+1	1.049500E+1	-4.902849E-2	-4.669380E-4
-2.000000E+2	-1.125116E-3	-1.286099E-3	1.708782E-3	-1.311804E+2	1.705790E+4	1.075000E+1	1.049600E+1	0.000000E+0	
-3.000000E+2	-1.123988E-3	-1.285268E-3	1.707414E-3	-1.311702E+2	1.705790E+4	1.074900E+1	1.049600E+1	0.000000E+0	
-4.000000E+2	-1.123979E-3	-1.285246E-3	1.707391E-3	-1.311705E+2	1.705790E+4	1.074900E+1	1.049500E+1	0.000000E+0	
-5.000000E+2	-1.122219E-3	-1.284326E-3	1.705540E-3	-1.311463E+2	1.705790E+4	1.074800E+1	1.049200E+1	0.000000E+0	
-6.000000E+2	-1.120476E-3	-1.283491E-3	1.703765E-3	-1.311207E+2	1.705790E+4	1.074800E+1	1.049000E+1	0.000000E+0	
-7.000000E+2	-1.118690E-3	-1.282578E-3	1.701903E-3	-1.310956E+2	1.705790E+4	1.074700E+1	1.048900E+1	0.000000E+0	
-8.000000E+2	-1.117198E-3	-1.281776E-3	1.700318E-3	-1.310755E+2	1.705790E+4	1.074700E+1	1.048800E+1	0.000000E+0	
-9.000000E+2	-1.114541E-3	-1.279980E-3	1.697219E-3	-1.310477E+2	1.705790E+4	1.074800E+1	1.048900E+1	0.000000E+0	
-1.000000E+3	-1.111932E-3	-1.279144E-3	1.694875E-3	-1.309997E+2	1.705790E+4	1.074600E+1	1.049000E+1	0.000000E+0	
-1.100000E+3	-1.109237E-3	-1.277372E-3	1.691770E-3	-1.309702E+2	1.705790E+4	1.074700E+1	1.049200E+1	0.000000E+0	
-1.200000E+3	-1.105737E-3	-1.275588E-3	1.688129E-3	-1.309202E+2	1.705790E+4	1.074600E+1	1.049300E+1	0.000000E+0	
-1.300000E+3	-1.102250E-3	-1.272926E-3	1.683834E-3	-1.308899E+2	1.705790E+4	1.074600E+1	1.049400E+1	0.000000E+0	
-1.400000E+3	-1.097846E-3	-1.271199E-3	1.679647E-3	-1.308149E+2	1.705790E+4	1.074600E+1	1.049400E+1	0.000000E+0	
-1.500000E+3	-1.092572E-3	-1.268536E-3	1.674186E-3	-1.307378E+2	1.705790E+4	1.074600E+1	1.049300E+1	0.000000E+0	
-1.600000E+3	-1.086687E-3	-1.265421E-3	1.667987E-3	-1.306545E+2	1.705790E+4	1.074500E+1	1.049200E+1	0.000000E+0	
-1.700000E+3	-1.078786E-3	-1.261012E-3	1.659497E-3	-1.305467E+2	1.705790E+4	1.074600E+1	1.049100E+1	0.000000E+0	
-1.800000E+3	-1.070879E-3	-1.256628E-3	1.651029E-3	-1.304371E+2	1.705790E+4	1.074600E+1	1.049100E+1	0.000000E+0	
-1.900000E+3	-1.060726E-3	-1.249627E-3	1.639118E-3	-1.303257E+2	1.705790E+4	1.074600E+1	1.049200E+1	0.000000E+0	
-2.000000E+3	-1.049964E-3	-1.243471E-3	1.627466E-3	-1.301771E+2	1.705790E+4	1.074600E+1	1.049200E+1	0.000000E+0	
-2.100000E+3	-1.034440E-3	-1.233997E-3	1.610222E-3	-1.299726E+2	1.705790E+4	1.074600E+1	1.049100E+1	0.000000E+0	
-2.200000E+3	-1.017682E-3	-1.224333E-3	1.592064E-3	-1.297338E+2	1.705790E+4	1.074600E+1	1.049100E+1	0.000000E+0	
-2.300000E+3	-9.916406E-4	-1.208105E-3	1.562968E-3	-1.293799E+2	1.705790E+4	1.074600E+1	1.049100E+1	0.000000E+0	
-2.400000E+3	-9.672600E-4	-1.193098E-3	1.535928E-3	-1.290321E+2	1.705790E+4	1.074500E+1	1.049100E+1	0.000000E+0	
-2.500000E+3	-9.303460E-4	-1.169317E-3	1.494271E-3	-1.285069E+2	1.705790E+4	1.074500E+1	1.049100E+1	0.000000E+0	
-2.600000E+3	-8.852465E-4	-1.142721E-3	1.445501E-3	-1.277643E+2	1.705790E+4	1.074500E+1	1.049200E+1	0.000000E+0	
-2.700000E+3	-8.170949E-4	-1.100126E-3	1.370373E-3	-1.266023E+2	1.705790E+4	1.074500E+1	1.049200E+1	0.000000E+0	
-2.800000E+3	-7.476026E-4	-1.058399E-3	1.295808E-3	-1.252355E+2	1.705790E+4	1.074500E+1	1.049200E+1	0.000000E+0	
-2.900000E+3	-6.346670E-4	-9.872265E-4	1.173635E-3	-1.227361E+2	1.705790E+4	1.074500E+1	1.049200E+1	0.000000E+0	
-3.000000E+3	-5.133241E-4	-9.161318E-4	1.050142E-3	-1.192626E+2	1.705790E+4	1.074600E+1	1.049200E+1	0.000000E+0	
-3.100000E+3	-3.447364E-4	-8.099790E-4	8.802893E-4	-1.130552E+2	1.705790E+4	1.074600E+1	1.049100E+1	0.000000E+0	
-3.200000E+3	-1.734480E-4	-7.126962E-4	7.334986E-4	-1.036781E+2	1.705790E+4	1.074500E+1	1.049000E+1	0.000000E+0	
-3.300000E+3	4.437200E-5	-5.816078E-4	5.832980E-4	-8.563724E+1	1.705790E+4	1.074500E+1	1.049000E+1	0.000000E+0	
-3.400000E+3	2.096146E-4	-4.838171E-4	5.272734E-4	-6.657524E+1	1.705790E+4	1.074400E+1	1.049000E+1	0.000000E+0	
-3.500000E+3	4.098017E-4	-3.622375E-4	5.469492E-4	-4.147455E+1	1.705790E+4	1.074500E+1	1.049000E+1	0.000000E+0	
-3.600000E+3	5.592864E-4	-2.784175E-4	6.247540E-4	-2.646451E+1	1.705790E+4	1.074400E+1	1.049200E+1	0.000000E+0	
-3.700000E+3	7.013844E-4	-1.913334E-4	7.270134E-4	-1.525867E+1	1.705790E+4	1.074500E+1	1.049200E+1	0.000000E+0	
-3.800000E+3	7.941375E-4	-1.390519E-4	8.062194E-4	-9.931697E+0	1.705790E+4	1.074500E+1	1.049200E+1	0.000000E+0	
-3.900000E+3	8.641161E-4	-9.566703E-5	8.693957E-4	-6.317537E+0	1.705790E+4	1.074500E+1	1.049200E+1	0.000000E+0	
-4.000000E+3	9.006839E-4	-7.544896E-5	9.038385E-4	-4.788403E+0	1.705790E+4	1.074500E+1	1.049200E+1	0.000000E+0	
-4.100000E+3	9.132115E-4	-6.752039E-5	9.157042E-4	-4.228601E+0	1.705790E+4	1.074500E+1	1.049300E+1	0.000000E+0	
-4.200000E+3	8.994212E-4	-7.544126E-5	9.025795E-4	-4.794608E+0	1.705790E+4	1.074500E+1	1.049400E+1	0.000000E+0	
-4.300000E+3	8.535147E-4	-1.036091E-4	8.597803E-4	-6.921332E+0	1.705790E+4	1.074500E+1	1.049400E+1	0.000000E+0	
-4.400000E+3	7.886416E-4	-1.433778E-4	8.015690E-4	-1.030403E+1	1.705790E+4	1.074600E+1	1.049300E+1	0.000000E+0	
-4.500000E+3	6.684059E-4	-2.161336E-4	7.024815E-4	-1.791897E+1	1.705790E+4	1.074600E+1	1.049100E+1	0.000000E+0	
-4.600000E+3	5.364224E-4	-2.940815E-4	6.117458E-4	-2.873276E+1	1.705790E+4	1.074400E+1	1.048900E+1	0.000000E+0	
-4.700000E+3	3.381449E-4	-4.102788E-4	5.316678E-4	-5.050522E+1	1.705790E+4	1.074400E+1	1.048900E+1	0.000000E+0	
-4.800000E+3	1.656069E-4	-5.122249E-4	5.383307E-4	-7.208352E+1	1.705790E+4	1.074500E+1	1.048800E+1	0.000000E+0	
-4.900000E+3	-3.406812E-5	-6.356010E-4	6.365134E-4	-9.306811E+1	1.705790E+4	1.074500E+1	1.048900E+1	0.000000E+0	
-5.000000E+3	-2.221599E-4	-7.427363E-4	7.752498E-4	-1.066525E+2	1.705790E+4	1.074500E+1	1.049000E+1	0.000000E+0	
-5.100000E+3	-4.078543E-4	-8.568639E-4	9.489789E-4	-1.154537E+2	1.705790E+4	1.074500E+1	1.049000E+1	0.000000E+0	
-5.200000E+3	-5.583483E-4	-9.440157E-4	1.096776E-3	-1.206027E+2	1.705790E+4	1.074400E+1	1.049100E+1	0.000000E+0	
-5.300000E+3	-7.071959E-4	-1.033819E-3	1.252561E-3	-1.243745E+2	1.705790E+4	1.074400E+1	1.049200E+1	0.000000E+0	
-5.400000E+3	-8.262981E-4	-1.102877E-3	1.378081E-3	-1.268413E+2	1.705790E+4	1.074500E+1	1.049200E+1	0.000000E+0	
-5.500000E+3	-9.417901E-4	-1.175622E-3	1.506339E-3	-1.286982E+2	1.705790E+4	1.074500E+1	1.049100E+1	0.000000E+0	
-5.600000E+3	-1.046906E-3	-1.238388E-3	1.621610E-3	-1.302105E+2	1.705790E+4	1.074400E+1	1.049100E+1	0.000000E+0	
-5.700000E+3	-1.172969E-3	-1.319070E-3	1.765164E-3	-1.316448E+2	1.705790E+4	1.074500E+1	1.049100E+1	0.000000E+0	
-5.800000E+3	-1.287008E-3	-1.388134E-3	1.892962E-3	-1.328351E+2	1.705790E+4	1.074300E+1	1.049100E+1	0.000000E+0	
-5.900000E+3	-1.431488E-3	-1.481414E-3	2.060035E-3	-1.340181E+2	1.705790E+4	1.074400E+1	1.049100E+1	0.000000E+0	
-6.000000E+3	-1.590444E-3	-1.576806E-3	2.239605E-3	-1.352467E+2	1.705790E+4	1.074400E+1	1.049200E+1	0.000000E+0	
-6.100000E+3	-1.802630E-3	-1.705036E-3	2.481254E-3	-1.365937E+2	1.705790E+4	1.074500E+1	1.049200E+1	0.000000E+0	
-6.200000E+3	-1.978069E-3	-1.812258E-3	2.682729E-3	-1.375048E+2	1.705790E+4	1.074500E+1	1.049100E+1	0.000000E+0	
-6.300000E+3	-2.203776E-3	-1.949022E-3	2.941992E-3	-1.385104E+2	1.705790E+4	1.074500E+1	1.049100E+1	0.000000E+0	
-6.400000E+3	-2.390059E-3	-2.057927E-3	3.153957E-3	-1.392704E+2	1.705790E+4	1.074500E+1	1.049100E+1	0.000000E+0	
-6.500000E+3	-2.601901E-3	-2.181626E-3	3.395494E-3	-1.400210E+2	1.705790E+4	1.074400E+1	1.049200E+1	0.000000E+0	
-6.600000E+3	-2.754875E-3	-2.269708E-3	3.569442E-3	-1.405153E+2	1.705790E+4	1.074500E+1	1.049100E+1	0.000000E+0	
-6.700000E+3	-2.885577E-3	-2.348350E-3	3.720390E-3	-1.408605E+2	1.705790E+4	1.074500E+1	1.048900E+1	0.000000E+0	
-6.800000E+3	-2.985552E-3	-2.405476E-3	3.834036E-3	-1.411414E+2	1.705790E+4	1.074500E+1	1.048900E+1	0.000000E+0	
-6.900000E+3	-3.060338E-3	-2.450734E-3	3.920684E-3	-1.413121E+2	1.705790E+4	1.074400E+1	1.049000E+1	0.000000E+0	
-7.000000E+3	-3.102037E-3	-2.474392E-3	3.968028E-3	-1.414218E+2	1.705790E+4	1.074400E+1	1.049000E+1	0.000000E+0	
-7.100000E+3	-3.124337E-3	-2.485834E-3	3.992600E-3	-1.414930E+2	1.705790E+4	1.074400E+1	1.049000E+1	0.000000E+0	
-7.200000E+3	-3.120817E-3	-2.482344E-3	3.987672E-3	-1.415007E+2	1.705790E+4	1.074400E+1	1.049000E+1	0.000000E+0	
-7.300000E+3	-3.086329E-3	-2.459304E-3	3.946341E-3	-1.414508E+2	1.705790E+4	1.074400E+1	1.049000E+1	0.000000E+0	
-7.400000E+3	-3.034390E-3	-2.425708E-3	3.884789E-3	-1.413610E+2	1.705790E+4	1.074500E+1	1.049000E+1	0.000000E+0	
-7.500000E+3	-2.923231E-3	-2.357708E-3	3.755538E-3	-1.411124E+2	1.705790E+4	1.074500E+1	1.049000E+1	0.000000E+0	
-7.600000E+3	-2.804420E-3	-2.286649E-3	3.618499E-3	-1.408071E+2	1.705790E+4	1.074500E+1	1.049000E+1	0.000000E+0	
-7.700000E+3	-2.634378E-3	-2.181409E-3	3.420306E-3	-1.403734E+2	1.705790E+4	1.074400E+1	1.049000E+1	0.000000E+0	
-7.800000E+3	-2.466906E-3	-2.083362E-3	3.228935E-3	-1.398181E+2	1.705790E+4	1.074400E+1	1.049000E+1	0.000000E+0	
-7.900000E+3	-2.271490E-3	-1.963530E-3	3.002518E-3	-1.391591E+2	1.705790E+4	1.074300E+1	1.049100E+1	0.000000E+0	
-8.000000E+3	-2.101181E-3	-1.865900E-3	2.810079E-3	-1.383941E+2	1.705790E+4	1.074400E+1	1.049300E+1	0.000000E+0	
-8.100000E+3	-1.937278E-3	-1.764666E-3	2.620513E-3	-1.376696E+2	1.705790E+4	1.074200E+1	1.049300E+1	0.000000E+0	
-8.200000E+3	-1.809300E-3	-1.690207E-3	2.475958E-3	-1.369491E+2	1.705790E+4	1.074300E+1	1.049400E+1	0.000000E+0	
-8.300000E+3	-1.685636E-3	-1.614563E-3	2.334134E-3	-1.362337E+2	1.705790E+4	1.074300E+1	1.049300E+1	0.000000E+0	
-8.400000E+3	-1.601256E-3	-1.565355E-3	2.239276E-3	-1.356495E+2	1.705790E+4	1.074400E+1	1.049200E+1	0.000000E+0	
-8.500000E+3	-1.512641E-3	-1.513705E-3	2.139951E-3	-1.349799E+2	1.705790E+4	1.074500E+1	1.049000E+1	0.000000E+0	
-8.600000E+3	-1.461070E-3	-1.481527E-3	2.080781E-3	-1.346017E+2	1.705790E+4	1.074400E+1	1.048900E+1	0.000000E+0	
-8.700000E+3	-1.405978E-3	-1.447534E-3	2.017952E-3	-1.341657E+2	1.705790E+4	1.074400E+1	1.048800E+1	0.000000E+0	
-8.800000E+3	-1.364516E-3	-1.422400E-3	1.971073E-3	-1.338101E+2	1.705790E+4	1.074400E+1	1.048800E+1	0.000000E+0	
-8.900000E+3	-1.326665E-3	-1.399479E-3	1.928362E-3	-1.334700E+2	1.705790E+4	1.074400E+1	1.048900E+1	0.000000E+0	
-9.000000E+3	-1.293919E-3	-1.380183E-3	1.891859E-3	-1.331523E+2	1.705790E+4	1.074300E+1	1.049000E+1	0.000000E+0	
-9.100000E+3	-1.262761E-3	-1.362139E-3	1.857415E-3	-1.328318E+2	1.705790E+4	1.074400E+1	1.049100E+1	0.000000E+0	
-9.200000E+3	-1.241657E-3	-1.349087E-3	1.833507E-3	-1.326255E+2	1.705790E+4	1.074500E+1	1.049200E+1	0.000000E+0	
-9.300000E+3	-1.222600E-3	-1.337649E-3	1.812196E-3	-1.324271E+2	1.705790E+4	1.074400E+1	1.049200E+1	0.000000E+0	
-9.400000E+3	-1.206937E-3	-1.329733E-3	1.795796E-3	-1.322286E+2	1.705790E+4	1.074400E+1	1.049300E+1	0.000000E+0	
-9.500000E+3	-1.195634E-3	-1.322215E-3	1.782637E-3	-1.321220E+2	1.705790E+4	1.074500E+1	1.049300E+1	0.000000E+0	
-9.600000E+3	-1.185048E-3	-1.316935E-3	1.771625E-3	-1.319826E+2	1.705790E+4	1.074400E+1	1.049200E+1	0.000000E+0	
-9.700000E+3	-1.176366E-3	-1.311637E-3	1.761881E-3	-1.318879E+2	1.705790E+4	1.074500E+1	1.049100E+1	0.000000E+0	
-9.800000E+3	-1.172041E-3	-1.308162E-3	1.756408E-3	-1.318586E+2	1.705790E+4	1.074500E+1	1.049000E+1	0.000000E+0	
-9.900000E+3	-1.165901E-3	-1.305556E-3	1.750372E-3	-1.317658E+2	1.705790E+4	1.074400E+1	1.049000E+1	0.000000E+0	
-1.000000E+4	-1.160609E-3	-1.302908E-3	1.744873E-3	-1.316941E+2	1.705790E+4	1.074400E+1	1.048900E+1	0.000000E+0	
-1.010000E+4	-1.156188E-3	-1.299357E-3	1.739281E-3	-1.316632E+2	1.705790E+4	1.074400E+1	1.048900E+1	0.000000E+0	
-1.020000E+4	-1.152688E-3	-1.298511E-3	1.736324E-3	-1.315955E+2	1.705790E+4	1.074400E+1	1.049000E+1	0.000000E+0	
-1.030000E+4	-1.150066E-3	-1.296733E-3	1.733254E-3	-1.315697E+2	1.705790E+4	1.074500E+1	1.049000E+1	0.000000E+0	
-1.040000E+4	-1.147440E-3	-1.295813E-3	1.730823E-3	-1.315248E+2	1.705790E+4	1.074400E+1	1.049000E+1	0.000000E+0	
-1.050000E+4	-1.145115E-3	-1.294917E-3	1.728612E-3	-1.314868E+2	1.705790E+4	1.074400E+1	1.049100E+1	0.000000E+0	
-1.060000E+4	-1.143334E-3	-1.293110E-3	1.726078E-3	-1.314823E+2	1.705790E+4	1.074400E+1	1.049200E+1	0.000000E+0	
-1.070000E+4	-1.141603E-3	-1.292263E-3	1.724297E-3	-1.314578E+2	1.705790E+4	1.074500E+1	1.049200E+1	0.000000E+0	
-1.080000E+4	-1.139816E-3	-1.291406E-3	1.722472E-3	-1.314322E+2	1.705790E+4	1.074400E+1	1.049100E+1	0.000000E+0	
-1.090000E+4	-1.138073E-3	-1.291430E-3	1.721337E-3	-1.313881E+2	1.705790E+4	1.074500E+1	1.049000E+1	0.000000E+0	
-1.100000E+4	-1.137169E-3	-1.290537E-3	1.720070E-3	-1.313852E+2	1.705790E+4	1.074400E+1	1.048900E+1	0.000000E+0	
