	
	Sensitivity=20 mV/nA,, Reserve=Normal,, Time Constant=100ms,, Low Pass Filter=24 dB/oct	
	Daten erstellt am: 	2018_10_05	
	***End of Header***
Stepwith 	Channel X LIA [V] 	Channel Y LIA [V] 	Amplitude LIA [V] 	Phase [°] 	Frequency [Hz] 	Temp Sensor 1 	Temp Sensor 2 	Current I [A]	Voltage over Resistance for Current [V] 
-1.000000E+2	-7.874742E-4	-1.882238E-3	2.040327E-3	-1.127030E+2	2.905470E+4	5.250700E+1	6.000200E+1	-4.757255E-2	-4.530719E-4
-2.000000E+2	-7.866050E-4	-1.881363E-3	2.039185E-3	-1.126900E+2	2.905470E+4	5.250200E+1	6.000100E+1	0.000000E+0	
-3.000000E+2	-7.860254E-4	-1.880459E-3	2.038127E-3	-1.126848E+2	2.905470E+4	5.250900E+1	6.000100E+1	0.000000E+0	
-4.000000E+2	-7.865909E-4	-1.881341E-3	2.039159E-3	-1.126899E+2	2.905470E+4	5.250900E+1	6.000100E+1	0.000000E+0	
-5.000000E+2	-7.866045E-4	-1.880466E-3	2.038357E-3	-1.126997E+2	2.905470E+4	5.250600E+1	6.000100E+1	0.000000E+0	
-6.000000E+2	-7.857132E-4	-1.880467E-3	2.038014E-3	-1.126766E+2	2.905470E+4	5.250900E+1	6.000100E+1	0.000000E+0	
-7.000000E+2	-7.857025E-4	-1.880451E-3	2.037995E-3	-1.126765E+2	2.905470E+4	5.250600E+1	6.000100E+1	0.000000E+0	
-8.000000E+2	-7.851466E-4	-1.879614E-3	2.037008E-3	-1.126711E+2	2.905470E+4	5.250600E+1	6.000000E+1	0.000000E+0	
-9.000000E+2	-7.851368E-4	-1.879622E-3	2.037012E-3	-1.126708E+2	2.905470E+4	5.250700E+1	6.000000E+1	0.000000E+0	
-1.000000E+3	-7.851635E-4	-1.879617E-3	2.037018E-3	-1.126715E+2	2.905470E+4	5.250400E+1	6.000100E+1	0.000000E+0	
-1.100000E+3	-7.851719E-4	-1.878730E-3	2.036202E-3	-1.126814E+2	2.905470E+4	5.250600E+1	6.000100E+1	0.000000E+0	
-1.200000E+3	-7.842558E-4	-1.877860E-3	2.035047E-3	-1.126670E+2	2.905470E+4	5.250600E+1	6.000100E+1	0.000000E+0	
-1.300000E+3	-7.833684E-4	-1.877877E-3	2.034721E-3	-1.126438E+2	2.905470E+4	5.250400E+1	6.000100E+1	0.000000E+0	
-1.400000E+3	-7.824819E-4	-1.876941E-3	2.033515E-3	-1.126309E+2	2.905470E+4	5.250900E+1	6.000000E+1	0.000000E+0	
-1.500000E+3	-7.824822E-4	-1.876480E-3	2.033090E-3	-1.126359E+2	2.905470E+4	5.250500E+1	6.000100E+1	0.000000E+0	
-1.600000E+3	-7.816494E-4	-1.876491E-3	2.032780E-3	-1.126141E+2	2.905470E+4	5.251100E+1	6.000000E+1	0.000000E+0	
-1.700000E+3	-7.807279E-4	-1.875596E-3	2.031600E-3	-1.125998E+2	2.905470E+4	5.251100E+1	6.000100E+1	0.000000E+0	
-1.800000E+3	-7.789803E-4	-1.873823E-3	2.029291E-3	-1.125735E+2	2.905470E+4	5.250600E+1	6.000100E+1	0.000000E+0	
-1.900000E+3	-7.772024E-4	-1.872063E-3	2.026984E-3	-1.125462E+2	2.905470E+4	5.250900E+1	6.000200E+1	0.000000E+0	
-2.000000E+3	-7.754102E-4	-1.869413E-3	2.023850E-3	-1.125281E+2	2.905470E+4	5.250700E+1	6.000200E+1	0.000000E+0	
-2.100000E+3	-7.733038E-4	-1.867650E-3	2.021414E-3	-1.124921E+2	2.905470E+4	5.251100E+1	6.000000E+1	0.000000E+0	
-2.200000E+3	-7.701715E-4	-1.864158E-3	2.016990E-3	-1.124478E+2	2.905470E+4	5.251200E+1	5.999900E+1	0.000000E+0	
-2.300000E+3	-7.666566E-4	-1.860681E-3	2.012435E-3	-1.123931E+2	2.905470E+4	5.251700E+1	6.000000E+1	0.000000E+0	
-2.400000E+3	-7.622622E-4	-1.855398E-3	2.005878E-3	-1.123346E+2	2.905470E+4	5.251100E+1	6.000100E+1	0.000000E+0	
-2.500000E+3	-7.563764E-4	-1.849248E-3	1.997955E-3	-1.122455E+2	2.905470E+4	5.250900E+1	6.000100E+1	0.000000E+0	
-2.600000E+3	-7.475841E-4	-1.841230E-3	1.987212E-3	-1.120983E+2	2.905470E+4	5.250500E+1	6.000000E+1	0.000000E+0	
-2.700000E+3	-7.389143E-4	-1.831746E-3	1.975168E-3	-1.119688E+2	2.905470E+4	5.251600E+1	6.000000E+1	0.000000E+0	
-2.800000E+3	-7.240343E-4	-1.815324E-3	1.954387E-3	-1.117444E+2	2.905470E+4	5.251400E+1	6.000200E+1	0.000000E+0	
-2.900000E+3	-7.082103E-4	-1.799483E-3	1.933830E-3	-1.114828E+2	2.905470E+4	5.250900E+1	6.000100E+1	0.000000E+0	
-3.000000E+3	-6.871670E-4	-1.777085E-3	1.905316E-3	-1.111406E+2	2.905470E+4	5.251000E+1	6.000000E+1	0.000000E+0	
-3.100000E+3	-6.639239E-4	-1.754553E-3	1.875967E-3	-1.107267E+2	2.905470E+4	5.250700E+1	6.000000E+1	0.000000E+0	
-3.200000E+3	-6.366558E-4	-1.727268E-3	1.840865E-3	-1.102334E+2	2.905470E+4	5.251200E+1	6.000000E+1	0.000000E+0	
-3.300000E+3	-6.151358E-4	-1.704627E-3	1.812221E-3	-1.098426E+2	2.905470E+4	5.251200E+1	6.000000E+1	0.000000E+0	
-3.400000E+3	-5.885663E-4	-1.677784E-3	1.778024E-3	-1.093309E+2	2.905470E+4	5.251300E+1	6.000000E+1	0.000000E+0	
-3.500000E+3	-5.688392E-4	-1.658444E-3	1.753287E-3	-1.089317E+2	2.905470E+4	5.251100E+1	5.999900E+1	0.000000E+0	
-3.600000E+3	-5.515366E-4	-1.640385E-3	1.730623E-3	-1.085839E+2	2.905470E+4	5.251100E+1	6.000000E+1	0.000000E+0	
-3.700000E+3	-5.383476E-4	-1.628025E-3	1.714725E-3	-1.082978E+2	2.905470E+4	5.251400E+1	6.000000E+1	0.000000E+0	
-3.800000E+3	-5.289592E-4	-1.617459E-3	1.701755E-3	-1.081093E+2	2.905470E+4	5.251000E+1	6.000100E+1	0.000000E+0	
-3.900000E+3	-5.236823E-4	-1.613107E-3	1.695983E-3	-1.079856E+2	2.905470E+4	5.251200E+1	6.000100E+1	0.000000E+0	
-4.000000E+3	-5.210604E-4	-1.610487E-3	1.692682E-3	-1.079286E+2	2.905470E+4	5.250600E+1	6.000000E+1	0.000000E+0	
-4.100000E+3	-5.227939E-4	-1.612219E-3	1.694864E-3	-1.079663E+2	2.905470E+4	5.250900E+1	5.999900E+1	0.000000E+0	
-4.200000E+3	-5.289985E-4	-1.618313E-3	1.702579E-3	-1.081017E+2	2.905470E+4	5.250900E+1	5.999900E+1	0.000000E+0	
-4.300000E+3	-5.375035E-4	-1.627123E-3	1.713604E-3	-1.082804E+2	2.905470E+4	5.251000E+1	6.000000E+1	0.000000E+0	
-4.400000E+3	-5.515374E-4	-1.641371E-3	1.731557E-3	-1.085735E+2	2.905470E+4	5.251100E+1	6.000000E+1	0.000000E+0	
-4.500000E+3	-5.679313E-4	-1.657576E-3	1.752171E-3	-1.089129E+2	2.905470E+4	5.251200E+1	6.000000E+1	0.000000E+0	
-4.600000E+3	-5.921935E-4	-1.683056E-3	1.784200E-3	-1.093847E+2	2.905470E+4	5.250700E+1	6.000000E+1	0.000000E+0	
-4.700000E+3	-6.160523E-4	-1.706582E-3	1.814371E-3	-1.098489E+2	2.905470E+4	5.250900E+1	6.000000E+1	0.000000E+0	
-4.800000E+3	-6.422268E-4	-1.734300E-3	1.849392E-3	-1.103200E+2	2.905470E+4	5.251000E+1	6.000000E+1	0.000000E+0	
-4.900000E+3	-6.647572E-4	-1.756316E-3	1.877910E-3	-1.107314E+2	2.905470E+4	5.251700E+1	6.000100E+1	0.000000E+0	
-5.000000E+3	-6.914547E-4	-1.783167E-3	1.912536E-3	-1.111947E+2	2.905470E+4	5.251300E+1	6.000100E+1	0.000000E+0	
-5.100000E+3	-7.108980E-4	-1.803033E-3	1.938119E-3	-1.115183E+2	2.905470E+4	5.251600E+1	6.000000E+1	0.000000E+0	
-5.200000E+3	-7.301709E-4	-1.822828E-3	1.963632E-3	-1.118296E+2	2.905470E+4	5.251500E+1	6.000000E+1	0.000000E+0	
-5.300000E+3	-7.440750E-4	-1.837326E-3	1.982275E-3	-1.120468E+2	2.905470E+4	5.250900E+1	6.000000E+1	0.000000E+0	
-5.400000E+3	-7.596202E-4	-1.853478E-3	2.003098E-3	-1.122855E+2	2.905470E+4	5.251200E+1	6.000000E+1	0.000000E+0	
-5.500000E+3	-7.736960E-4	-1.867644E-3	2.021558E-3	-1.125024E+2	2.905470E+4	5.251300E+1	6.000200E+1	0.000000E+0	
-5.600000E+3	-7.901017E-4	-1.884897E-3	2.043795E-3	-1.127422E+2	2.905470E+4	5.250600E+1	6.000100E+1	0.000000E+0	
-5.700000E+3	-8.059494E-4	-1.900679E-3	2.064494E-3	-1.129785E+2	2.905470E+4	5.250900E+1	5.999900E+1	0.000000E+0	
-5.800000E+3	-8.262119E-4	-1.922420E-3	2.092445E-3	-1.132569E+2	2.905470E+4	5.251000E+1	6.000000E+1	0.000000E+0	
-5.900000E+3	-8.457229E-4	-1.943055E-3	2.119129E-3	-1.135213E+2	2.905470E+4	5.251200E+1	6.000000E+1	0.000000E+0	
-6.000000E+3	-8.725965E-4	-1.970475E-3	2.155040E-3	-1.138855E+2	2.905470E+4	5.251200E+1	6.000000E+1	0.000000E+0	
-6.100000E+3	-8.965089E-4	-1.994934E-3	2.187119E-3	-1.141988E+2	2.905470E+4	5.251300E+1	6.000100E+1	0.000000E+0	
-6.200000E+3	-9.260545E-4	-2.024502E-3	2.226249E-3	-1.145805E+2	2.905470E+4	5.251700E+1	6.000000E+1	0.000000E+0	
-6.300000E+3	-9.516567E-4	-2.049572E-3	2.259733E-3	-1.149064E+2	2.905470E+4	5.251400E+1	6.000000E+1	0.000000E+0	
-6.400000E+3	-9.752160E-4	-2.075137E-3	2.292867E-3	-1.151713E+2	2.905470E+4	5.251700E+1	6.000100E+1	0.000000E+0	
-6.500000E+3	-9.963645E-4	-2.096203E-3	2.320950E-3	-1.154226E+2	2.905470E+4	5.251200E+1	6.000100E+1	0.000000E+0	
-6.600000E+3	-1.015041E-3	-2.115129E-3	2.346077E-3	-1.156361E+2	2.905470E+4	5.251400E+1	5.999900E+1	0.000000E+0	
-6.700000E+3	-1.027337E-3	-2.127267E-3	2.362348E-3	-1.157776E+2	2.905470E+4	5.251500E+1	6.000000E+1	0.000000E+0	
-6.800000E+3	-1.037621E-3	-2.137824E-3	2.376331E-3	-1.158902E+2	2.905470E+4	5.251700E+1	6.000100E+1	0.000000E+0	
-6.900000E+3	-1.043762E-3	-2.143699E-3	2.384300E-3	-1.159613E+2	2.905470E+4	5.251500E+1	6.000000E+1	0.000000E+0	
-7.000000E+3	-1.046396E-3	-2.145652E-3	2.387209E-3	-1.159977E+2	2.905470E+4	5.250900E+1	5.999900E+1	0.000000E+0	
-7.100000E+3	-1.046407E-3	-2.145683E-3	2.387242E-3	-1.159976E+2	2.905470E+4	5.251800E+1	6.000000E+1	0.000000E+0	
-7.200000E+3	-1.041161E-3	-2.139585E-3	2.379462E-3	-1.159484E+2	2.905470E+4	5.251500E+1	6.000000E+1	0.000000E+0	
-7.300000E+3	-1.034432E-3	-2.132520E-3	2.370167E-3	-1.158769E+2	2.905470E+4	5.251100E+1	6.000000E+1	0.000000E+0	
-7.400000E+3	-1.021310E-3	-2.118622E-3	2.351943E-3	-1.157370E+2	2.905470E+4	5.251400E+1	6.000100E+1	0.000000E+0	
-7.500000E+3	-1.006139E-3	-2.102618E-3	2.330948E-3	-1.155719E+2	2.905470E+4	5.251300E+1	6.000000E+1	0.000000E+0	
-7.600000E+3	-9.828098E-4	-2.078664E-3	2.299295E-3	-1.153052E+2	2.905470E+4	5.252000E+1	6.000000E+1	0.000000E+0	
-7.700000E+3	-9.609013E-4	-2.057004E-3	2.270374E-3	-1.150390E+2	2.905470E+4	5.251700E+1	6.000000E+1	0.000000E+0	
-7.800000E+3	-9.345195E-4	-2.030622E-3	2.235341E-3	-1.147125E+2	2.905470E+4	5.252100E+1	6.000000E+1	0.000000E+0	
-7.900000E+3	-9.150004E-4	-2.009629E-3	2.208129E-3	-1.144802E+2	2.905470E+4	5.251700E+1	6.000100E+1	0.000000E+0	
-8.000000E+3	-8.927116E-4	-1.987127E-3	2.178442E-3	-1.141919E+2	2.905470E+4	5.251100E+1	6.000000E+1	0.000000E+0	
-8.100000E+3	-8.746688E-4	-1.969621E-3	2.155099E-3	-1.139450E+2	2.905470E+4	5.250900E+1	6.000000E+1	0.000000E+0	
-8.200000E+3	-8.591040E-4	-1.953685E-3	2.134231E-3	-1.137368E+2	2.905470E+4	5.251200E+1	6.000100E+1	0.000000E+0	
-8.300000E+3	-8.476800E-4	-1.941427E-3	2.118419E-3	-1.135874E+2	2.905470E+4	5.251700E+1	6.000000E+1	0.000000E+0	
-8.400000E+3	-8.373480E-4	-1.931259E-3	2.104973E-3	-1.134404E+2	2.905470E+4	5.251600E+1	6.000000E+1	0.000000E+0	
-8.500000E+3	-8.302885E-4	-1.924175E-3	2.095669E-3	-1.133404E+2	2.905470E+4	5.251400E+1	6.000000E+1	0.000000E+0	
-8.600000E+3	-8.232530E-4	-1.916331E-3	2.085682E-3	-1.132483E+2	2.905470E+4	5.251600E+1	5.999900E+1	0.000000E+0	
-8.700000E+3	-8.177504E-4	-1.911052E-3	2.078662E-3	-1.131664E+2	2.905470E+4	5.251300E+1	6.000000E+1	0.000000E+0	
-8.800000E+3	-8.112108E-4	-1.904853E-3	2.070393E-3	-1.130675E+2	2.905470E+4	5.250900E+1	6.000000E+1	0.000000E+0	
-8.900000E+3	-8.076867E-4	-1.901549E-3	2.065974E-3	-1.130135E+2	2.905470E+4	5.251500E+1	6.000100E+1	0.000000E+0	
-9.000000E+3	-8.039094E-4	-1.896228E-3	2.059600E-3	-1.129746E+2	2.905470E+4	5.251600E+1	5.999800E+1	0.000000E+0	
-9.100000E+3	-8.015178E-4	-1.894470E-3	2.057048E-3	-1.129324E+2	2.905470E+4	5.250900E+1	6.000000E+1	0.000000E+0	
-9.200000E+3	-7.989225E-4	-1.891859E-3	2.053633E-3	-1.128941E+2	2.905470E+4	5.251300E+1	6.000000E+1	0.000000E+0	
-9.300000E+3	-7.962566E-4	-1.889271E-3	2.050212E-3	-1.128536E+2	2.905470E+4	5.250800E+1	6.000000E+1	0.000000E+0	
-9.400000E+3	-7.953977E-4	-1.888397E-3	2.049073E-3	-1.128409E+2	2.905470E+4	5.251800E+1	6.000100E+1	0.000000E+0	
-9.500000E+3	-7.945124E-4	-1.887494E-3	2.047898E-3	-1.128279E+2	2.905470E+4	5.251900E+1	6.000100E+1	0.000000E+0	
-9.600000E+3	-7.927321E-4	-1.885752E-3	2.045602E-3	-1.128009E+2	2.905470E+4	5.251300E+1	6.000100E+1	0.000000E+0	
-9.700000E+3	-7.918837E-4	-1.884887E-3	2.044475E-3	-1.127884E+2	2.905470E+4	5.251600E+1	5.999900E+1	0.000000E+0	
-9.800000E+3	-7.909680E-4	-1.884016E-3	2.043317E-3	-1.127742E+2	2.905470E+4	5.251700E+1	5.999900E+1	0.000000E+0	
-9.900000E+3	-7.901120E-4	-1.883092E-3	2.042134E-3	-1.127621E+2	2.905470E+4	5.252300E+1	6.000000E+1	0.000000E+0	
-1.000000E+4	-7.900972E-4	-1.884002E-3	2.042968E-3	-1.127518E+2	2.905470E+4	5.251800E+1	6.000000E+1	0.000000E+0	
-1.010000E+4	-7.901020E-4	-1.883102E-3	2.042140E-3	-1.127617E+2	2.905470E+4	5.251700E+1	6.000000E+1	0.000000E+0	
-1.020000E+4	-7.900925E-4	-1.883112E-3	2.042145E-3	-1.127613E+2	2.905470E+4	5.251800E+1	6.000000E+1	0.000000E+0	
-1.030000E+4	-7.891950E-4	-1.882181E-3	2.040940E-3	-1.127482E+2	2.905470E+4	5.251200E+1	6.000000E+1	0.000000E+0	
-1.040000E+4	-7.892072E-4	-1.882196E-3	2.040958E-3	-1.127484E+2	2.905470E+4	5.251700E+1	6.000100E+1	0.000000E+0	
-1.050000E+4	-7.891956E-4	-1.882204E-3	2.040961E-3	-1.127480E+2	2.905470E+4	5.251700E+1	5.999900E+1	0.000000E+0	
-1.060000E+4	-7.891960E-4	-1.882207E-3	2.040964E-3	-1.127480E+2	2.905470E+4	5.251400E+1	5.999900E+1	0.000000E+0	
-1.070000E+4	-7.883649E-4	-1.881337E-3	2.039840E-3	-1.127359E+2	2.905470E+4	5.251700E+1	5.999900E+1	0.000000E+0	
-1.080000E+4	-7.883563E-4	-1.881329E-3	2.039829E-3	-1.127357E+2	2.905470E+4	5.251500E+1	6.000000E+1	0.000000E+0	
-1.090000E+4	-7.883791E-4	-1.881345E-3	2.039853E-3	-1.127362E+2	2.905470E+4	5.252200E+1	6.000000E+1	0.000000E+0	
-1.100000E+4	-7.883645E-4	-1.882216E-3	2.040651E-3	-1.127263E+2	2.905470E+4	5.252500E+1	6.000000E+1	0.000000E+0	
