	
	Sensitivity=10 uV/pA,, Reserve=Normal,, Time Constant=100ms,, Low Pass Filter=24 dB/oct	
	Daten erstellt am: 	2018_10_11	
	***End of Header***
Stepwith 	Channel X LIA [V] 	Channel Y LIA [V] 	Amplitude LIA [V] 	Phase [°] 	Frequency [Hz] 	Temp Sensor 1 	Temp Sensor 2 	Current I [A]	Voltage over Resistance for Current [V] 
-1.000000E+2	5.473109E-7	5.342448E-6	5.370410E-6	8.415070E+1	3.389970E+2	3.301480E+2	2.875490E+2	-4.919670E-2	-4.685400E-4
-2.000000E+2	-5.503907E-8	5.439228E-6	5.439506E-6	9.057975E+1	3.389970E+2	3.301480E+2	2.875490E+2	0.000000E+0	
-3.000000E+2	-6.499097E-9	5.430728E-6	5.430732E-6	9.006857E+1	3.389970E+2	3.301480E+2	2.875450E+2	0.000000E+0	
-4.000000E+2	-7.278797E-8	5.431608E-6	5.432096E-6	9.076776E+1	3.389970E+2	3.301480E+2	2.875410E+2	0.000000E+0	
-5.000000E+2	-5.137740E-8	5.447431E-6	5.447673E-6	9.054037E+1	3.389970E+2	3.301480E+2	2.875310E+2	0.000000E+0	
-6.000000E+2	-1.166214E-7	5.425012E-6	5.426265E-6	9.123150E+1	3.389970E+2	3.301480E+2	2.875340E+2	0.000000E+0	
-7.000000E+2	-5.301019E-8	5.447212E-6	5.447470E-6	9.055756E+1	3.389970E+2	3.301480E+2	2.875400E+2	0.000000E+0	
-8.000000E+2	-4.096851E-8	5.374907E-6	5.375063E-6	9.043671E+1	3.389970E+2	3.301480E+2	2.875450E+2	0.000000E+0	
-9.000000E+2	-5.336687E-8	5.435886E-6	5.436148E-6	9.056248E+1	3.389970E+2	3.301480E+2	2.875410E+2	0.000000E+0	
-1.000000E+3	-5.774473E-8	5.386947E-6	5.387256E-6	9.061415E+1	3.389970E+2	3.301480E+2	2.875380E+2	0.000000E+0	
-1.100000E+3	-3.307960E-8	5.405567E-6	5.405668E-6	9.035062E+1	3.389970E+2	3.301480E+2	2.875380E+2	0.000000E+0	
-1.200000E+3	1.315403E-9	5.445482E-6	5.445482E-6	8.998616E+1	3.389970E+2	3.301480E+2	2.875420E+2	0.000000E+0	
-1.300000E+3	-3.678366E-8	5.482322E-6	5.482445E-6	9.038442E+1	3.389970E+2	3.301480E+2	2.875480E+2	0.000000E+0	
-1.400000E+3	2.888491E-9	5.356817E-6	5.356818E-6	8.996911E+1	3.389970E+2	3.301480E+2	2.875370E+2	0.000000E+0	
-1.500000E+3	-2.956003E-8	5.414065E-6	5.414146E-6	9.031282E+1	3.389970E+2	3.301480E+2	2.875420E+2	0.000000E+0	
-1.600000E+3	-2.354070E-8	5.403920E-6	5.403971E-6	9.024959E+1	3.389970E+2	3.301480E+2	2.875510E+2	0.000000E+0	
-1.700000E+3	-6.633990E-8	5.377092E-6	5.377501E-6	9.070685E+1	3.389970E+2	3.301480E+2	2.875370E+2	0.000000E+0	
-1.800000E+3	-5.667700E-8	5.386096E-6	5.386394E-6	9.060289E+1	3.389970E+2	3.301480E+2	2.875530E+2	0.000000E+0	
-1.900000E+3	-1.351743E-8	5.398873E-6	5.398890E-6	9.014345E+1	3.389970E+2	3.301480E+2	2.875510E+2	0.000000E+0	
-2.000000E+3	-5.612143E-8	5.388362E-6	5.388654E-6	9.059673E+1	3.389970E+2	3.301480E+2	2.875470E+2	0.000000E+0	
-2.100000E+3	-2.247499E-8	5.406496E-6	5.406543E-6	9.023818E+1	3.389970E+2	3.301480E+2	2.875490E+2	0.000000E+0	
-2.200000E+3	1.887282E-8	5.422339E-6	5.422372E-6	8.980058E+1	3.389970E+2	3.301480E+2	2.875540E+2	0.000000E+0	
-2.300000E+3	-8.100167E-8	5.356763E-6	5.357375E-6	9.086633E+1	3.389970E+2	3.301480E+2	2.875540E+2	0.000000E+0	
-2.400000E+3	5.900466E-8	5.416562E-6	5.416883E-6	8.937588E+1	3.389970E+2	3.301480E+2	2.875480E+2	0.000000E+0	
-2.500000E+3	-5.732533E-8	5.404490E-6	5.404794E-6	9.060771E+1	3.389970E+2	3.301480E+2	2.875440E+2	0.000000E+0	
-2.600000E+3	2.018902E-8	5.412326E-6	5.412363E-6	8.978628E+1	3.389970E+2	3.301480E+2	2.875520E+2	0.000000E+0	
-2.700000E+3	2.995989E-8	5.364447E-6	5.364531E-6	8.968001E+1	3.389970E+2	3.301480E+2	2.875490E+2	0.000000E+0	
-2.800000E+3	4.107323E-8	5.456572E-6	5.456727E-6	8.956873E+1	3.389970E+2	3.301480E+2	2.875410E+2	0.000000E+0	
-2.900000E+3	9.508459E-9	5.434834E-6	5.434842E-6	8.989976E+1	3.389970E+2	3.301480E+2	2.875420E+2	0.000000E+0	
-3.000000E+3	2.986784E-8	5.388958E-6	5.389041E-6	8.968245E+1	3.389970E+2	3.301480E+2	2.875500E+2	0.000000E+0	
-3.100000E+3	1.421537E-8	5.410592E-6	5.410610E-6	8.984947E+1	3.389970E+2	3.301480E+2	2.875490E+2	0.000000E+0	
-3.200000E+3	9.127328E-8	5.404988E-6	5.405759E-6	8.903255E+1	3.389970E+2	3.301480E+2	2.875350E+2	0.000000E+0	
-3.300000E+3	1.241554E-7	5.400837E-6	5.402264E-6	8.868311E+1	3.389970E+2	3.301480E+2	2.875450E+2	0.000000E+0	
-3.400000E+3	1.392121E-7	5.441409E-6	5.443190E-6	8.853447E+1	3.389970E+2	3.301480E+2	2.875480E+2	0.000000E+0	
-3.500000E+3	1.008391E-7	5.405858E-6	5.406799E-6	8.893135E+1	3.389970E+2	3.301480E+2	2.875450E+2	0.000000E+0	
-3.600000E+3	1.847413E-7	5.372800E-6	5.375975E-6	8.803069E+1	3.389970E+2	3.301480E+2	2.875480E+2	0.000000E+0	
-3.700000E+3	2.232270E-7	5.429683E-6	5.434270E-6	8.764576E+1	3.389970E+2	3.301480E+2	2.875530E+2	0.000000E+0	
-3.800000E+3	2.006803E-7	5.437301E-6	5.441003E-6	8.788628E+1	3.389970E+2	3.301480E+2	2.875580E+2	0.000000E+0	
-3.900000E+3	2.346563E-7	5.445637E-6	5.450691E-6	8.753261E+1	3.389970E+2	3.301480E+2	2.875450E+2	0.000000E+0	
-4.000000E+3	2.162864E-7	5.416716E-6	5.421033E-6	8.771343E+1	3.389970E+2	3.301480E+2	2.875450E+2	0.000000E+0	
-4.100000E+3	2.546444E-7	5.417162E-6	5.423144E-6	8.730868E+1	3.389970E+2	3.301480E+2	2.875390E+2	0.000000E+0	
-4.200000E+3	3.098375E-7	5.419651E-6	5.428501E-6	8.672800E+1	3.389970E+2	3.301480E+2	2.875530E+2	0.000000E+0	
-4.300000E+3	2.851758E-7	5.435967E-6	5.443442E-6	8.699696E+1	3.389970E+2	3.301480E+2	2.875480E+2	0.000000E+0	
-4.400000E+3	3.094339E-7	5.391508E-6	5.400380E-6	8.671524E+1	3.389970E+2	3.301480E+2	2.875520E+2	0.000000E+0	
-4.500000E+3	2.224298E-7	5.420759E-6	5.425320E-6	8.765030E+1	3.389970E+2	3.301480E+2	2.875690E+2	0.000000E+0	
-4.600000E+3	2.693103E-7	5.427728E-6	5.434405E-6	8.715946E+1	3.389970E+2	3.301480E+2	2.875550E+2	0.000000E+0	
-4.700000E+3	1.842101E-7	5.458447E-6	5.461554E-6	8.806713E+1	3.389970E+2	3.301480E+2	2.875440E+2	0.000000E+0	
-4.800000E+3	2.593423E-7	5.416552E-6	5.422757E-6	8.725879E+1	3.389970E+2	3.301480E+2	2.875500E+2	0.000000E+0	
-4.900000E+3	1.564381E-7	5.411404E-6	5.413665E-6	8.834410E+1	3.389970E+2	3.301480E+2	2.875450E+2	0.000000E+0	
-5.000000E+3	8.763877E-8	5.411247E-6	5.411957E-6	8.907214E+1	3.389970E+2	3.301480E+2	2.875500E+2	0.000000E+0	
-5.100000E+3	1.079053E-7	5.413490E-6	5.414565E-6	8.885809E+1	3.389970E+2	3.301480E+2	2.875500E+2	0.000000E+0	
-5.200000E+3	5.353116E-8	5.434749E-6	5.435013E-6	8.943567E+1	3.389970E+2	3.301480E+2	2.875520E+2	0.000000E+0	
-5.300000E+3	2.482797E-8	5.424147E-6	5.424204E-6	8.973774E+1	3.389970E+2	3.301480E+2	2.875510E+2	0.000000E+0	
-5.400000E+3	8.970073E-8	5.368032E-6	5.368782E-6	8.904267E+1	3.389970E+2	3.301480E+2	2.875480E+2	0.000000E+0	
-5.500000E+3	3.784609E-8	5.381479E-6	5.381612E-6	8.959707E+1	3.389970E+2	3.301480E+2	2.875430E+2	0.000000E+0	
-5.600000E+3	3.858681E-8	5.436919E-6	5.437056E-6	8.959337E+1	3.389970E+2	3.301480E+2	2.875460E+2	0.000000E+0	
-5.700000E+3	3.294605E-8	5.410928E-6	5.411029E-6	8.965114E+1	3.389970E+2	3.301480E+2	2.875450E+2	0.000000E+0	
-5.800000E+3	-4.559021E-8	5.407098E-6	5.407291E-6	9.048308E+1	3.389970E+2	3.301480E+2	2.875510E+2	0.000000E+0	
-5.900000E+3	-1.649959E-8	5.415788E-6	5.415813E-6	9.017456E+1	3.389970E+2	3.301480E+2	2.875530E+2	0.000000E+0	
-6.000000E+3	-7.690741E-8	5.468458E-6	5.468998E-6	9.080574E+1	3.389970E+2	3.301480E+2	2.875480E+2	0.000000E+0	
-6.100000E+3	-6.566021E-8	5.399299E-6	5.399698E-6	9.069673E+1	3.389970E+2	3.301480E+2	2.875530E+2	0.000000E+0	
-6.200000E+3	-1.172520E-7	5.400424E-6	5.401697E-6	9.124379E+1	3.389970E+2	3.301480E+2	2.875500E+2	0.000000E+0	
-6.300000E+3	-1.645768E-7	5.371709E-6	5.374230E-6	9.175486E+1	3.389970E+2	3.301480E+2	2.875490E+2	0.000000E+0	
-6.400000E+3	-1.603016E-7	5.380275E-6	5.382663E-6	9.170658E+1	3.389970E+2	3.301480E+2	2.875580E+2	0.000000E+0	
-6.500000E+3	-2.420919E-7	5.398341E-6	5.403767E-6	9.256774E+1	3.389970E+2	3.301480E+2	2.875460E+2	0.000000E+0	
-6.600000E+3	-2.480742E-7	5.383650E-6	5.389363E-6	9.263828E+1	3.389970E+2	3.301480E+2	2.875400E+2	0.000000E+0	
-6.700000E+3	-2.684117E-7	5.380870E-6	5.387560E-6	9.285569E+1	3.389970E+2	3.301480E+2	2.875520E+2	0.000000E+0	
-6.800000E+3	-2.929402E-7	5.382367E-6	5.390333E-6	9.311530E+1	3.389970E+2	3.301480E+2	2.875580E+2	0.000000E+0	
-6.900000E+3	-3.629170E-7	5.458527E-6	5.470578E-6	9.380378E+1	3.389970E+2	3.301480E+2	2.875470E+2	0.000000E+0	
-7.000000E+3	-3.467242E-7	5.420709E-6	5.431786E-6	9.365982E+1	3.389970E+2	3.301480E+2	2.875520E+2	0.000000E+0	
-7.100000E+3	-3.538890E-7	5.464617E-6	5.476064E-6	9.370530E+1	3.389970E+2	3.301480E+2	2.875480E+2	0.000000E+0	
-7.200000E+3	-3.761584E-7	5.436826E-6	5.449823E-6	9.395782E+1	3.389970E+2	3.301480E+2	2.875460E+2	0.000000E+0	
-7.300000E+3	-3.247556E-7	5.392492E-6	5.402262E-6	9.344640E+1	3.389970E+2	3.301480E+2	2.875450E+2	0.000000E+0	
-7.400000E+3	-2.893555E-7	5.456365E-6	5.464032E-6	9.303560E+1	3.389970E+2	3.301480E+2	2.875410E+2	0.000000E+0	
-7.500000E+3	-3.401919E-7	5.383823E-6	5.394560E-6	9.361559E+1	3.389970E+2	3.301480E+2	2.875410E+2	0.000000E+0	
-7.600000E+3	-2.844559E-7	5.446215E-6	5.453639E-6	9.298984E+1	3.389970E+2	3.301480E+2	2.875490E+2	0.000000E+0	
-7.700000E+3	-2.619613E-7	5.404139E-6	5.410484E-6	9.277519E+1	3.389970E+2	3.301480E+2	2.875510E+2	0.000000E+0	
-7.800000E+3	-2.974522E-7	5.433935E-6	5.442070E-6	9.313323E+1	3.389970E+2	3.301480E+2	2.875540E+2	0.000000E+0	
-7.900000E+3	-2.368687E-7	5.434457E-6	5.439617E-6	9.249574E+1	3.389970E+2	3.301480E+2	2.875490E+2	0.000000E+0	
-8.000000E+3	-2.374555E-7	5.400171E-6	5.405390E-6	9.251778E+1	3.389970E+2	3.301480E+2	2.875500E+2	0.000000E+0	
-8.100000E+3	-1.730329E-7	5.436354E-6	5.439107E-6	9.182304E+1	3.389970E+2	3.301480E+2	2.875430E+2	0.000000E+0	
-8.200000E+3	-1.445482E-7	5.388495E-6	5.390433E-6	9.153661E+1	3.389970E+2	3.301480E+2	2.875420E+2	0.000000E+0	
-8.300000E+3	-1.052002E-7	5.364581E-6	5.365613E-6	9.112343E+1	3.389970E+2	3.301480E+2	2.875480E+2	0.000000E+0	
-8.400000E+3	-1.213224E-7	5.367587E-6	5.368958E-6	9.129482E+1	3.389970E+2	3.301480E+2	2.875520E+2	0.000000E+0	
-8.500000E+3	-5.707193E-8	5.425045E-6	5.425346E-6	9.060273E+1	3.389970E+2	3.301480E+2	2.875550E+2	0.000000E+0	
-8.600000E+3	-1.154882E-7	5.395434E-6	5.396670E-6	9.122622E+1	3.389970E+2	3.301480E+2	2.875620E+2	0.000000E+0	
-8.700000E+3	-8.030026E-8	5.385108E-6	5.385706E-6	9.085431E+1	3.389970E+2	3.301480E+2	2.875630E+2	0.000000E+0	
-8.800000E+3	-4.549875E-8	5.402689E-6	5.402881E-6	9.048250E+1	3.389970E+2	3.301480E+2	2.875550E+2	0.000000E+0	
-8.900000E+3	-7.034599E-8	5.392838E-6	5.393296E-6	9.074734E+1	3.389970E+2	3.301480E+2	2.875510E+2	0.000000E+0	
-9.000000E+3	-4.458276E-8	5.374981E-6	5.375166E-6	9.047523E+1	3.389970E+2	3.301480E+2	2.875510E+2	0.000000E+0	
-9.100000E+3	-1.098908E-7	5.412442E-6	5.413558E-6	9.116314E+1	3.389970E+2	3.301480E+2	2.875530E+2	0.000000E+0	
-9.200000E+3	-8.819406E-8	5.451809E-6	5.452522E-6	9.092679E+1	3.389970E+2	3.301480E+2	2.875610E+2	0.000000E+0	
-9.300000E+3	-7.292543E-8	5.417338E-6	5.417829E-6	9.077124E+1	3.389970E+2	3.301480E+2	2.875610E+2	0.000000E+0	
-9.400000E+3	-3.438854E-8	5.446373E-6	5.446482E-6	9.036176E+1	3.389970E+2	3.301480E+2	2.875520E+2	0.000000E+0	
-9.500000E+3	-3.238065E-8	5.419184E-6	5.419280E-6	9.034235E+1	3.389970E+2	3.301480E+2	2.875450E+2	0.000000E+0	
-9.600000E+3	-2.984940E-8	5.435348E-6	5.435430E-6	9.031465E+1	3.389970E+2	3.301480E+2	2.875530E+2	0.000000E+0	
-9.700000E+3	-6.684935E-8	5.404725E-6	5.405138E-6	9.070864E+1	3.389970E+2	3.301480E+2	2.875610E+2	0.000000E+0	
-9.800000E+3	-3.229221E-8	5.437888E-6	5.437984E-6	9.034024E+1	3.389970E+2	3.301480E+2	2.875570E+2	0.000000E+0	
-9.900000E+3	-4.713499E-8	5.344571E-6	5.344779E-6	9.050529E+1	3.389970E+2	3.301480E+2	2.875520E+2	0.000000E+0	
-1.000000E+4	-2.800124E-9	5.433061E-6	5.433061E-6	9.002953E+1	3.389970E+2	3.301480E+2	2.875400E+2	0.000000E+0	
-1.010000E+4	-6.587865E-8	5.474999E-6	5.475395E-6	9.068939E+1	3.389970E+2	3.301480E+2	2.875540E+2	0.000000E+0	
-1.020000E+4	-2.317933E-8	5.490018E-6	5.490067E-6	9.024191E+1	3.389970E+2	3.301480E+2	2.875500E+2	0.000000E+0	
-1.030000E+4	-4.602276E-8	5.394585E-6	5.394781E-6	9.048879E+1	3.389970E+2	3.301480E+2	2.875470E+2	0.000000E+0	
-1.040000E+4	1.960585E-8	5.471165E-6	5.471200E-6	8.979468E+1	3.389970E+2	3.301480E+2	2.875450E+2	0.000000E+0	
-1.050000E+4	-1.928972E-8	5.443853E-6	5.443887E-6	9.020302E+1	3.389970E+2	3.301480E+2	2.875590E+2	0.000000E+0	
-1.060000E+4	-1.105124E-8	5.391194E-6	5.391205E-6	9.011745E+1	3.389970E+2	3.301480E+2	2.875590E+2	0.000000E+0	
-1.070000E+4	4.139556E-8	5.418929E-6	5.419087E-6	8.956232E+1	3.389970E+2	3.301480E+2	2.875530E+2	0.000000E+0	
-1.080000E+4	-2.131650E-8	5.379101E-6	5.379144E-6	9.022705E+1	3.389970E+2	3.301480E+2	2.875490E+2	0.000000E+0	
-1.090000E+4	2.651181E-9	5.430009E-6	5.430010E-6	8.997203E+1	3.389970E+2	3.301480E+2	2.875540E+2	0.000000E+0	
-1.100000E+4	-5.391686E-8	5.411467E-6	5.411736E-6	9.057084E+1	3.389970E+2	3.301480E+2	2.875560E+2	0.000000E+0	
