	
	Sensitivity=50 mV/nA,, Reserve=Normal,, Time Constant=100ms,, Low Pass Filter=24 dB/oct	
	Daten erstellt am: 	2018_10_05	
	***End of Header***
Stepwith 	Channel X LIA [V] 	Channel Y LIA [V] 	Amplitude LIA [V] 	Phase [°] 	Frequency [Hz] 	Temp Sensor 1 	Temp Sensor 2 	Current I [A]	Voltage over Resistance for Current [V] 
-1.000000E+2	5.231452E-4	-2.498624E-3	2.552803E-3	-7.817462E+1	5.134820E+4	4.752200E+1	5.500000E+1	-4.770283E-2	-4.543127E-4
-2.000000E+2	5.254903E-4	-2.498560E-3	2.553222E-3	-7.812281E+1	5.134820E+4	4.752700E+1	5.500200E+1	0.000000E+0	
-3.000000E+2	5.254308E-4	-2.496342E-3	2.551039E-3	-7.811387E+1	5.134820E+4	4.752100E+1	5.500100E+1	0.000000E+0	
-4.000000E+2	5.254560E-4	-2.496423E-3	2.551123E-3	-7.811369E+1	5.134820E+4	4.753200E+1	5.500100E+1	0.000000E+0	
-5.000000E+2	5.254398E-4	-2.496398E-3	2.551096E-3	-7.811393E+1	5.134820E+4	4.753200E+1	5.500100E+1	0.000000E+0	
-6.000000E+2	5.254873E-4	-2.496440E-3	2.551147E-3	-7.811308E+1	5.134820E+4	4.753200E+1	5.500100E+1	0.000000E+0	
-7.000000E+2	5.254182E-4	-2.494119E-3	2.548862E-3	-7.810385E+1	5.134820E+4	4.752600E+1	5.500000E+1	0.000000E+0	
-8.000000E+2	5.254238E-4	-2.494125E-3	2.548868E-3	-7.810375E+1	5.134820E+4	4.752700E+1	5.500100E+1	0.000000E+0	
-9.000000E+2	5.254475E-4	-2.494112E-3	2.548861E-3	-7.810318E+1	5.134820E+4	4.753000E+1	5.500100E+1	0.000000E+0	
-1.000000E+3	5.254369E-4	-2.491927E-3	2.546721E-3	-7.809328E+1	5.134820E+4	4.752500E+1	5.500100E+1	0.000000E+0	
-1.100000E+3	5.254565E-4	-2.491877E-3	2.546676E-3	-7.809261E+1	5.134820E+4	4.753000E+1	5.500000E+1	0.000000E+0	
-1.200000E+3	5.269558E-4	-2.491965E-3	2.547071E-3	-7.806002E+1	5.134820E+4	4.752300E+1	5.500100E+1	0.000000E+0	
-1.300000E+3	5.269333E-4	-2.491917E-3	2.547019E-3	-7.806029E+1	5.134820E+4	4.753400E+1	5.500100E+1	0.000000E+0	
-1.400000E+3	5.269153E-4	-2.489742E-3	2.544888E-3	-7.805056E+1	5.134820E+4	4.753900E+1	5.500100E+1	0.000000E+0	
-1.500000E+3	5.291774E-4	-2.487551E-3	2.543214E-3	-7.799048E+1	5.134820E+4	4.753300E+1	5.500100E+1	0.000000E+0	
-1.600000E+3	5.291766E-4	-2.485408E-3	2.541118E-3	-7.798044E+1	5.134820E+4	4.753400E+1	5.500000E+1	0.000000E+0	
-1.700000E+3	5.313788E-4	-2.483228E-3	2.539445E-3	-7.792160E+1	5.134820E+4	4.752900E+1	5.500000E+1	0.000000E+0	
-1.800000E+3	5.313469E-4	-2.481014E-3	2.537274E-3	-7.791184E+1	5.134820E+4	4.752900E+1	5.500000E+1	0.000000E+0	
-1.900000E+3	5.335589E-4	-2.478808E-3	2.535582E-3	-7.785253E+1	5.134820E+4	4.753000E+1	5.500000E+1	0.000000E+0	
-2.000000E+3	5.357033E-4	-2.474817E-3	2.532133E-3	-7.778609E+1	5.134820E+4	4.753000E+1	5.500000E+1	0.000000E+0	
-2.100000E+3	5.379302E-4	-2.468821E-3	2.526746E-3	-7.770797E+1	5.134820E+4	4.752300E+1	5.500000E+1	0.000000E+0	
-2.200000E+3	5.423571E-4	-2.464429E-3	2.523403E-3	-7.758853E+1	5.134820E+4	4.752900E+1	5.500000E+1	0.000000E+0	
-2.300000E+3	5.467499E-4	-2.455463E-3	2.515599E-3	-7.744693E+1	5.134820E+4	4.752400E+1	5.500100E+1	0.000000E+0	
-2.400000E+3	5.511720E-4	-2.444562E-3	2.505928E-3	-7.729406E+1	5.134820E+4	4.752600E+1	5.500000E+1	0.000000E+0	
-2.500000E+3	5.577840E-4	-2.431459E-3	2.494618E-3	-7.707973E+1	5.134820E+4	4.753400E+1	5.500100E+1	0.000000E+0	
-2.600000E+3	5.687617E-4	-2.413876E-3	2.479978E-3	-7.674170E+1	5.134820E+4	4.753300E+1	5.500100E+1	0.000000E+0	
-2.700000E+3	5.796737E-4	-2.396214E-3	2.465332E-3	-7.640071E+1	5.134820E+4	4.752800E+1	5.500100E+1	0.000000E+0	
-2.800000E+3	5.952108E-4	-2.365499E-3	2.439233E-3	-7.587634E+1	5.134820E+4	4.752400E+1	5.500000E+1	0.000000E+0	
-2.900000E+3	6.131355E-4	-2.331276E-3	2.410557E-3	-7.526467E+1	5.134820E+4	4.753800E+1	5.500000E+1	0.000000E+0	
-3.000000E+3	6.405084E-4	-2.282840E-3	2.370993E-3	-7.432719E+1	5.134820E+4	4.752800E+1	5.500000E+1	0.000000E+0	
-3.100000E+3	6.642392E-4	-2.237606E-3	2.334116E-3	-7.346634E+1	5.134820E+4	4.753000E+1	5.500000E+1	0.000000E+0	
-3.200000E+3	6.994163E-4	-2.177042E-3	2.286634E-3	-7.218939E+1	5.134820E+4	4.753600E+1	5.500000E+1	0.000000E+0	
-3.300000E+3	7.257823E-4	-2.131889E-3	2.252046E-3	-7.119932E+1	5.134820E+4	4.754500E+1	5.500100E+1	0.000000E+0	
-3.400000E+3	7.567018E-4	-2.075889E-3	2.209505E-3	-6.997222E+1	5.134820E+4	4.754500E+1	5.500100E+1	0.000000E+0	
-3.500000E+3	7.821996E-4	-2.035063E-3	2.180211E-3	-6.897517E+1	5.134820E+4	4.753500E+1	5.500100E+1	0.000000E+0	
-3.600000E+3	8.034560E-4	-1.995556E-3	2.151229E-3	-6.806917E+1	5.134820E+4	4.753400E+1	5.500100E+1	0.000000E+0	
-3.700000E+3	8.189104E-4	-1.969631E-3	2.133087E-3	-6.742400E+1	5.134820E+4	4.753600E+1	5.500000E+1	0.000000E+0	
-3.800000E+3	8.298401E-4	-1.950084E-3	2.119307E-3	-6.694827E+1	5.134820E+4	4.753800E+1	5.500100E+1	0.000000E+0	
-3.900000E+3	8.365330E-4	-1.938906E-3	2.111668E-3	-6.666242E+1	5.134820E+4	4.752700E+1	5.500100E+1	0.000000E+0	
-4.000000E+3	8.386368E-4	-1.932331E-3	2.106470E-3	-6.653903E+1	5.134820E+4	4.753200E+1	5.500100E+1	0.000000E+0	
-4.100000E+3	8.365644E-4	-1.936706E-3	2.109661E-3	-6.663796E+1	5.134820E+4	4.753300E+1	5.500000E+1	0.000000E+0	
-4.200000E+3	8.298398E-4	-1.950052E-3	2.119277E-3	-6.694794E+1	5.134820E+4	4.753000E+1	5.499900E+1	0.000000E+0	
-4.300000E+3	8.180488E-4	-1.969568E-3	2.132698E-3	-6.744472E+1	5.134820E+4	4.753200E+1	5.500100E+1	0.000000E+0	
-4.400000E+3	8.021208E-4	-2.002156E-3	2.156856E-3	-6.816755E+1	5.134820E+4	4.753000E+1	5.500100E+1	0.000000E+0	
-4.500000E+3	7.800787E-4	-2.038441E-3	2.182605E-3	-6.905895E+1	5.134820E+4	4.752800E+1	5.500100E+1	0.000000E+0	
-4.600000E+3	7.515714E-4	-2.088229E-3	2.219361E-3	-7.020577E+1	5.134820E+4	4.752700E+1	5.500100E+1	0.000000E+0	
-4.700000E+3	7.246371E-4	-2.133897E-3	2.253578E-3	-7.124334E+1	5.134820E+4	4.753200E+1	5.499900E+1	0.000000E+0	
-4.800000E+3	6.906284E-4	-2.194702E-3	2.300801E-3	-7.253227E+1	5.134820E+4	4.752900E+1	5.500100E+1	0.000000E+0	
-4.900000E+3	6.647378E-4	-2.243608E-3	2.340012E-3	-7.349646E+1	5.134820E+4	4.753100E+1	5.500000E+1	0.000000E+0	
-5.000000E+3	6.344177E-4	-2.296136E-3	2.382169E-3	-7.455463E+1	5.134820E+4	4.752500E+1	5.500000E+1	0.000000E+0	
-5.100000E+3	6.119760E-4	-2.335581E-3	2.414426E-3	-7.531727E+1	5.134820E+4	4.752700E+1	5.500100E+1	0.000000E+0	
-5.200000E+3	5.863002E-4	-2.380649E-3	2.451782E-3	-7.616467E+1	5.134820E+4	4.752700E+1	5.500100E+1	0.000000E+0	
-5.300000E+3	5.707884E-4	-2.409296E-3	2.475986E-3	-7.667174E+1	5.134820E+4	4.753000E+1	5.500000E+1	0.000000E+0	
-5.400000E+3	5.511300E-4	-2.442443E-3	2.503851E-3	-7.728433E+1	5.134820E+4	4.753700E+1	5.500000E+1	0.000000E+0	
-5.500000E+3	5.365319E-4	-2.468789E-3	2.526417E-3	-7.773880E+1	5.134820E+4	4.753800E+1	5.500000E+1	0.000000E+0	
-5.600000E+3	5.165982E-4	-2.505163E-3	2.557873E-3	-7.834817E+1	5.134820E+4	4.753100E+1	5.500100E+1	0.000000E+0	
-5.700000E+3	5.011747E-4	-2.538106E-3	2.587113E-3	-7.883006E+1	5.134820E+4	4.752500E+1	5.500200E+1	0.000000E+0	
-5.800000E+3	4.748181E-4	-2.583614E-3	2.626883E-3	-7.958635E+1	5.134820E+4	4.752900E+1	5.500100E+1	0.000000E+0	
-5.900000E+3	4.513579E-4	-2.624460E-3	2.662990E-3	-8.024166E+1	5.134820E+4	4.753200E+1	5.500100E+1	0.000000E+0	
-6.000000E+3	4.206474E-4	-2.681544E-3	2.714337E-3	-8.108480E+1	5.134820E+4	4.752700E+1	5.500100E+1	0.000000E+0	
-6.100000E+3	3.919465E-4	-2.729941E-3	2.757934E-3	-8.182969E+1	5.134820E+4	4.752700E+1	5.500100E+1	0.000000E+0	
-6.200000E+3	3.590160E-4	-2.794896E-3	2.817861E-3	-8.268021E+1	5.134820E+4	4.753700E+1	5.500000E+1	0.000000E+0	
-6.300000E+3	3.309112E-4	-2.845325E-3	2.864503E-3	-8.336630E+1	5.134820E+4	4.752400E+1	5.500100E+1	0.000000E+0	
-6.400000E+3	2.981912E-4	-2.903572E-3	2.918844E-3	-8.413639E+1	5.134820E+4	4.753700E+1	5.500100E+1	0.000000E+0	
-6.500000E+3	2.725422E-4	-2.945243E-3	2.957826E-3	-8.471311E+1	5.134820E+4	4.754100E+1	5.500100E+1	0.000000E+0	
-6.600000E+3	2.514163E-4	-2.982914E-3	2.993491E-3	-8.518219E+1	5.134820E+4	4.753200E+1	5.500100E+1	0.000000E+0	
-6.700000E+3	2.378351E-4	-3.006866E-3	3.016257E-3	-8.547747E+1	5.134820E+4	4.753500E+1	5.500000E+1	0.000000E+0	
-6.800000E+3	2.246460E-4	-3.031125E-3	3.039438E-3	-8.576138E+1	5.134820E+4	4.753100E+1	5.500100E+1	0.000000E+0	
-6.900000E+3	2.180297E-4	-3.041077E-3	3.048883E-3	-8.589920E+1	5.134820E+4	4.752800E+1	5.500100E+1	0.000000E+0	
-7.000000E+3	2.137515E-4	-3.047715E-3	3.055202E-3	-8.598813E+1	5.134820E+4	4.753800E+1	5.500000E+1	0.000000E+0	
-7.100000E+3	2.137693E-4	-3.045542E-3	3.053035E-3	-8.598494E+1	5.134820E+4	4.754300E+1	5.500100E+1	0.000000E+0	
-7.200000E+3	2.202752E-4	-3.034587E-3	3.042571E-3	-8.584828E+1	5.134820E+4	4.752900E+1	5.500100E+1	0.000000E+0	
-7.300000E+3	2.290727E-4	-3.020207E-3	3.028881E-3	-8.566261E+1	5.134820E+4	4.752500E+1	5.500000E+1	0.000000E+0	
-7.400000E+3	2.444833E-4	-2.987299E-3	2.997287E-3	-8.532129E+1	5.134820E+4	4.752600E+1	5.500200E+1	0.000000E+0	
-7.500000E+3	2.634270E-4	-2.956386E-3	2.968099E-3	-8.490814E+1	5.134820E+4	4.752600E+1	5.500100E+1	0.000000E+0	
-7.600000E+3	2.920844E-4	-2.905752E-3	2.920395E-3	-8.425994E+1	5.134820E+4	4.753000E+1	5.500000E+1	0.000000E+0	
-7.700000E+3	3.175742E-4	-2.860585E-3	2.878159E-3	-8.366512E+1	5.134820E+4	4.753400E+1	5.500100E+1	0.000000E+0	
-7.800000E+3	3.485049E-4	-2.803612E-3	2.825189E-3	-8.291416E+1	5.134820E+4	4.753400E+1	5.500000E+1	0.000000E+0	
-7.900000E+3	3.726181E-4	-2.762047E-3	2.787068E-3	-8.231681E+1	5.134820E+4	4.753100E+1	5.500000E+1	0.000000E+0	
-8.000000E+3	3.963390E-4	-2.714778E-3	2.743557E-3	-8.169389E+1	5.134820E+4	4.752700E+1	5.500100E+1	0.000000E+0	
-8.100000E+3	4.177208E-4	-2.680451E-3	2.712804E-3	-8.114229E+1	5.134820E+4	4.753700E+1	5.500000E+1	0.000000E+0	
-8.200000E+3	4.359743E-4	-2.646587E-3	2.682256E-3	-8.064563E+1	5.134820E+4	4.753400E+1	5.500100E+1	0.000000E+0	
-8.300000E+3	4.491408E-4	-2.622348E-3	2.660533E-3	-8.028101E+1	5.134820E+4	4.753200E+1	5.500000E+1	0.000000E+0	
-8.400000E+3	4.604551E-4	-2.601345E-3	2.641782E-3	-7.996224E+1	5.134820E+4	4.753000E+1	5.500100E+1	0.000000E+0	
-8.500000E+3	4.704324E-4	-2.585898E-3	2.628341E-3	-7.968938E+1	5.134820E+4	4.753100E+1	5.500000E+1	0.000000E+0	
-8.600000E+3	4.770702E-4	-2.570667E-3	2.614560E-3	-7.948653E+1	5.134820E+4	4.753000E+1	5.500100E+1	0.000000E+0	
-8.700000E+3	4.858524E-4	-2.557326E-3	2.603069E-3	-7.924289E+1	5.134820E+4	4.752800E+1	5.500100E+1	0.000000E+0	
-8.800000E+3	4.902867E-4	-2.548605E-3	2.595335E-3	-7.911078E+1	5.134820E+4	4.752700E+1	5.500100E+1	0.000000E+0	
-8.900000E+3	4.960163E-4	-2.540232E-3	2.588206E-3	-7.895121E+1	5.134820E+4	4.752600E+1	5.500000E+1	0.000000E+0	
-9.000000E+3	5.011869E-4	-2.529255E-3	2.578433E-3	-7.879170E+1	5.134820E+4	4.752700E+1	5.500000E+1	0.000000E+0	
-9.100000E+3	5.034398E-4	-2.524866E-3	2.574568E-3	-7.872353E+1	5.134820E+4	4.753700E+1	5.500100E+1	0.000000E+0	
-9.200000E+3	5.078717E-4	-2.520541E-3	2.571198E-3	-7.860783E+1	5.134820E+4	4.752500E+1	5.500100E+1	0.000000E+0	
-9.300000E+3	5.099374E-4	-2.516136E-3	2.567290E-3	-7.854322E+1	5.134820E+4	4.751700E+1	5.500100E+1	0.000000E+0	
-9.400000E+3	5.099703E-4	-2.513854E-3	2.565060E-3	-7.853238E+1	5.134820E+4	4.753500E+1	5.500000E+1	0.000000E+0	
-9.500000E+3	5.122343E-4	-2.511846E-3	2.563543E-3	-7.847386E+1	5.134820E+4	4.752900E+1	5.500000E+1	0.000000E+0	
-9.600000E+3	5.144204E-4	-2.509619E-3	2.561800E-3	-7.841600E+1	5.134820E+4	4.752200E+1	5.500100E+1	0.000000E+0	
-9.700000E+3	5.144302E-4	-2.507416E-3	2.559644E-3	-7.840589E+1	5.134820E+4	4.753100E+1	5.500100E+1	0.000000E+0	
-9.800000E+3	5.166585E-4	-2.505110E-3	2.557834E-3	-7.834661E+1	5.134820E+4	4.753500E+1	5.500000E+1	0.000000E+0	
-9.900000E+3	5.166641E-4	-2.505165E-3	2.557888E-3	-7.834673E+1	5.134820E+4	4.753400E+1	5.500100E+1	0.000000E+0	
-1.000000E+4	5.166808E-4	-2.503051E-3	2.555822E-3	-7.833680E+1	5.134820E+4	4.754000E+1	5.500000E+1	0.000000E+0	
-1.010000E+4	5.166625E-4	-2.503045E-3	2.555811E-3	-7.833717E+1	5.134820E+4	4.753900E+1	5.500000E+1	0.000000E+0	
-1.020000E+4	5.188111E-4	-2.500904E-3	2.554151E-3	-7.828026E+1	5.134820E+4	4.753600E+1	5.499900E+1	0.000000E+0	
-1.030000E+4	5.187748E-4	-2.500802E-3	2.554044E-3	-7.828059E+1	5.134820E+4	4.753400E+1	5.500000E+1	0.000000E+0	
-1.040000E+4	5.187779E-4	-2.500798E-3	2.554040E-3	-7.828050E+1	5.134820E+4	4.753500E+1	5.500000E+1	0.000000E+0	
-1.050000E+4	5.188183E-4	-2.500799E-3	2.554050E-3	-7.827962E+1	5.134820E+4	4.753200E+1	5.500000E+1	0.000000E+0	
-1.060000E+4	5.187785E-4	-2.498663E-3	2.551950E-3	-7.827075E+1	5.134820E+4	4.753400E+1	5.500000E+1	0.000000E+0	
-1.070000E+4	5.187446E-4	-2.498629E-3	2.551909E-3	-7.827134E+1	5.134820E+4	4.753800E+1	5.499900E+1	0.000000E+0	
-1.080000E+4	5.187916E-4	-2.498573E-3	2.551864E-3	-7.827005E+1	5.134820E+4	4.754000E+1	5.499900E+1	0.000000E+0	
-1.090000E+4	5.188175E-4	-2.498602E-3	2.551898E-3	-7.826962E+1	5.134820E+4	4.752900E+1	5.500000E+1	0.000000E+0	
-1.100000E+4	5.188233E-4	-2.498626E-3	2.551923E-3	-7.826960E+1	5.134820E+4	4.752800E+1	5.500000E+1	0.000000E+0	
