	
	Sensitivity=10 mV/nA,, Reserve=Normal,, Time Constant=100ms,, Low Pass Filter=24 dB/oct	
	Daten erstellt am: 	2018_10_05	
	***End of Header***
Stepwith 	Channel X LIA [V] 	Channel Y LIA [V] 	Amplitude LIA [V] 	Phase [°] 	Frequency [Hz] 	Temp Sensor 1 	Temp Sensor 2 	Current I [A]	Voltage over Resistance for Current [V] 
-1.000000E+2	-9.970681E-4	-5.471782E-4	1.137343E-3	-1.512426E+2	1.108820E+4	3.913900E+1	4.500100E+1	-4.466310E-2	-4.253629E-4
-2.000000E+2	-9.966290E-4	-5.471839E-4	1.136961E-3	-1.512317E+2	1.108820E+4	3.913900E+1	4.500000E+1	0.000000E+0	
-3.000000E+2	-9.961759E-4	-5.471902E-4	1.136567E-3	-1.512204E+2	1.108820E+4	3.913900E+1	4.500000E+1	0.000000E+0	
-4.000000E+2	-9.961731E-4	-5.467325E-4	1.136344E-3	-1.512406E+2	1.108820E+4	3.913700E+1	4.500000E+1	0.000000E+0	
-5.000000E+2	-9.953047E-4	-5.467516E-4	1.135592E-3	-1.512186E+2	1.108820E+4	3.913900E+1	4.500000E+1	0.000000E+0	
-6.000000E+2	-9.953011E-4	-5.467333E-4	1.135580E-3	-1.512194E+2	1.108820E+4	3.914000E+1	4.500000E+1	0.000000E+0	
-7.000000E+2	-9.948790E-4	-5.467407E-4	1.135214E-3	-1.512088E+2	1.108820E+4	3.914100E+1	4.500000E+1	0.000000E+0	
-8.000000E+2	-9.948815E-4	-5.463040E-4	1.135005E-3	-1.512282E+2	1.108820E+4	3.913500E+1	4.500100E+1	0.000000E+0	
-9.000000E+2	-9.944283E-4	-5.462977E-4	1.134605E-3	-1.512174E+2	1.108820E+4	3.913700E+1	4.500000E+1	0.000000E+0	
-1.000000E+3	-9.940029E-4	-5.462973E-4	1.134232E-3	-1.512071E+2	1.108820E+4	3.913900E+1	4.500000E+1	0.000000E+0	
-1.100000E+3	-9.940114E-4	-5.462902E-4	1.134236E-3	-1.512076E+2	1.108820E+4	3.914000E+1	4.500000E+1	0.000000E+0	
-1.200000E+3	-9.935431E-4	-5.458583E-4	1.133618E-3	-1.512154E+2	1.108820E+4	3.913800E+1	4.500000E+1	0.000000E+0	
-1.300000E+3	-9.926609E-4	-5.454191E-4	1.132633E-3	-1.512133E+2	1.108820E+4	3.913800E+1	4.500100E+1	0.000000E+0	
-1.400000E+3	-9.922401E-4	-5.454176E-4	1.132264E-3	-1.512031E+2	1.108820E+4	3.913800E+1	4.500000E+1	0.000000E+0	
-1.500000E+3	-9.913653E-4	-5.454309E-4	1.131503E-3	-1.511812E+2	1.108820E+4	3.913500E+1	4.500100E+1	0.000000E+0	
-1.600000E+3	-9.913516E-4	-5.449820E-4	1.131275E-3	-1.512008E+2	1.108820E+4	3.913600E+1	4.500100E+1	0.000000E+0	
-1.700000E+3	-9.900166E-4	-5.445343E-4	1.129890E-3	-1.511881E+2	1.108820E+4	3.914000E+1	4.500100E+1	0.000000E+0	
-1.800000E+3	-9.891457E-4	-5.440944E-4	1.128914E-3	-1.511863E+2	1.108820E+4	3.913600E+1	4.500100E+1	0.000000E+0	
-1.900000E+3	-9.878395E-4	-5.436860E-4	1.127573E-3	-1.511725E+2	1.108820E+4	3.913600E+1	4.499900E+1	0.000000E+0	
-2.000000E+3	-9.866545E-4	-5.432388E-4	1.126319E-3	-1.511634E+2	1.108820E+4	3.913800E+1	4.500100E+1	0.000000E+0	
-2.100000E+3	-9.840079E-4	-5.419364E-4	1.123373E-3	-1.511565E+2	1.108820E+4	3.913700E+1	4.500100E+1	0.000000E+0	
-2.200000E+3	-9.818325E-4	-5.415009E-4	1.121257E-3	-1.511224E+2	1.108820E+4	3.913900E+1	4.500100E+1	0.000000E+0	
-2.300000E+3	-9.783145E-4	-5.401631E-4	1.117531E-3	-1.510953E+2	1.108820E+4	3.913900E+1	4.499900E+1	0.000000E+0	
-2.400000E+3	-9.748033E-4	-5.384193E-4	1.113614E-3	-1.510865E+2	1.108820E+4	3.913700E+1	4.500100E+1	0.000000E+0	
-2.500000E+3	-9.700447E-4	-5.366250E-4	1.108582E-3	-1.510488E+2	1.108820E+4	3.913700E+1	4.500000E+1	0.000000E+0	
-2.600000E+3	-9.647666E-4	-5.344338E-4	1.102903E-3	-1.510157E+2	1.108820E+4	3.913400E+1	4.500000E+1	0.000000E+0	
-2.700000E+3	-9.543611E-4	-5.304535E-4	1.091873E-3	-1.509338E+2	1.108820E+4	3.913900E+1	4.500100E+1	0.000000E+0	
-2.800000E+3	-9.464382E-4	-5.265263E-4	1.083040E-3	-1.509118E+2	1.108820E+4	3.913800E+1	4.500100E+1	0.000000E+0	
-2.900000E+3	-9.309097E-4	-5.201254E-4	1.066360E-3	-1.508067E+2	1.108820E+4	3.913700E+1	4.500100E+1	0.000000E+0	
-3.000000E+3	-9.160488E-4	-5.139888E-4	1.050395E-3	-1.507035E+2	1.108820E+4	3.913900E+1	4.500100E+1	0.000000E+0	
-3.100000E+3	-8.921025E-4	-5.039457E-4	1.024601E-3	-1.505380E+2	1.108820E+4	3.913900E+1	4.500100E+1	0.000000E+0	
-3.200000E+3	-8.723114E-4	-4.956157E-4	1.003276E-3	-1.503963E+2	1.108820E+4	3.913600E+1	4.500100E+1	0.000000E+0	
-3.300000E+3	-8.453116E-4	-4.843790E-4	9.742560E-4	-1.501865E+2	1.108820E+4	3.914000E+1	4.500000E+1	0.000000E+0	
-3.400000E+3	-8.206846E-4	-4.751140E-4	9.482914E-4	-1.499324E+2	1.108820E+4	3.913800E+1	4.500000E+1	0.000000E+0	
-3.500000E+3	-7.914687E-4	-4.638876E-4	9.173955E-4	-1.496250E+2	1.108820E+4	3.913900E+1	4.500100E+1	0.000000E+0	
-3.600000E+3	-7.762165E-4	-4.570651E-4	9.007888E-4	-1.495088E+2	1.108820E+4	3.913900E+1	4.500000E+1	0.000000E+0	
-3.700000E+3	-7.572171E-4	-4.495729E-4	8.806211E-4	-1.493017E+2	1.108820E+4	3.913600E+1	4.500000E+1	0.000000E+0	
-3.800000E+3	-7.443461E-4	-4.443394E-4	8.668845E-4	-1.491648E+2	1.108820E+4	3.913900E+1	4.500100E+1	0.000000E+0	
-3.900000E+3	-7.348496E-4	-4.403428E-4	8.566830E-4	-1.490688E+2	1.108820E+4	3.913500E+1	4.500100E+1	0.000000E+0	
-4.000000E+3	-7.295403E-4	-4.383628E-4	8.511116E-4	-1.489994E+2	1.108820E+4	3.913800E+1	4.500100E+1	0.000000E+0	
-4.100000E+3	-7.273365E-4	-4.374904E-4	8.487733E-4	-1.489732E+2	1.108820E+4	3.913400E+1	4.500000E+1	0.000000E+0	
-4.200000E+3	-7.290854E-4	-4.383683E-4	8.507245E-4	-1.489833E+2	1.108820E+4	3.913600E+1	4.499900E+1	0.000000E+0	
-4.300000E+3	-7.352457E-4	-4.407955E-4	8.572554E-4	-1.490564E+2	1.108820E+4	3.913500E+1	4.500000E+1	0.000000E+0	
-4.400000E+3	-7.439006E-4	-4.443308E-4	8.664975E-4	-1.491502E+2	1.108820E+4	3.913600E+1	4.500100E+1	0.000000E+0	
-4.500000E+3	-7.587872E-4	-4.504527E-4	8.824203E-4	-1.493046E+2	1.108820E+4	3.913500E+1	4.500000E+1	0.000000E+0	
-4.600000E+3	-7.757656E-4	-4.573023E-4	9.005208E-4	-1.494813E+2	1.108820E+4	3.913900E+1	4.500100E+1	0.000000E+0	
-4.700000E+3	-8.005834E-4	-4.678445E-4	9.272607E-4	-1.496989E+2	1.108820E+4	3.913900E+1	4.500100E+1	0.000000E+0	
-4.800000E+3	-8.253831E-4	-4.773163E-4	9.534612E-4	-1.499593E+2	1.108820E+4	3.913900E+1	4.500100E+1	0.000000E+0	
-4.900000E+3	-8.507020E-4	-4.879067E-4	9.806869E-4	-1.501643E+2	1.108820E+4	3.913900E+1	4.500100E+1	0.000000E+0	
-5.000000E+3	-8.742433E-4	-4.973719E-4	1.005823E-3	-1.503637E+2	1.108820E+4	3.913900E+1	4.500000E+1	0.000000E+0	
-5.100000E+3	-8.999289E-4	-5.079219E-4	1.033372E-3	-1.505595E+2	1.108820E+4	3.913800E+1	4.500000E+1	0.000000E+0	
-5.200000E+3	-9.178055E-4	-5.150341E-4	1.052439E-3	-1.507007E+2	1.108820E+4	3.913700E+1	4.499900E+1	0.000000E+0	
-5.300000E+3	-9.374093E-4	-5.233456E-4	1.073605E-3	-1.508258E+2	1.108820E+4	3.913500E+1	4.500000E+1	0.000000E+0	
-5.400000E+3	-9.534771E-4	-5.295936E-4	1.090682E-3	-1.509507E+2	1.108820E+4	3.913700E+1	4.500000E+1	0.000000E+0	
-5.500000E+3	-9.693471E-4	-5.361824E-4	1.107757E-3	-1.510514E+2	1.108820E+4	3.913500E+1	4.499900E+1	0.000000E+0	
-5.600000E+3	-9.831254E-4	-5.415163E-4	1.122397E-3	-1.511535E+2	1.108820E+4	3.913800E+1	4.500100E+1	0.000000E+0	
-5.700000E+3	-9.988860E-4	-5.485230E-4	1.139584E-3	-1.512273E+2	1.108820E+4	3.913800E+1	4.500100E+1	0.000000E+0	
-5.800000E+3	-1.016113E-3	-5.553690E-4	1.157981E-3	-1.513406E+2	1.108820E+4	3.913600E+1	4.500100E+1	0.000000E+0	
-5.900000E+3	-1.036704E-3	-5.645758E-4	1.180467E-3	-1.514279E+2	1.108820E+4	3.913900E+1	4.500000E+1	0.000000E+0	
-6.000000E+3	-1.057521E-3	-5.725390E-4	1.202561E-3	-1.515690E+2	1.108820E+4	3.913700E+1	4.500000E+1	0.000000E+0	
-6.100000E+3	-1.082894E-3	-5.834886E-4	1.230088E-3	-1.516832E+2	1.108820E+4	3.913600E+1	4.500000E+1	0.000000E+0	
-6.200000E+3	-1.107146E-3	-5.929289E-4	1.255921E-3	-1.518289E+2	1.108820E+4	3.913900E+1	4.500000E+1	0.000000E+0	
-6.300000E+3	-1.139468E-3	-6.061130E-4	1.290643E-3	-1.519903E+2	1.108820E+4	3.913800E+1	4.500000E+1	0.000000E+0	
-6.400000E+3	-1.164481E-3	-6.159946E-4	1.317371E-3	-1.521218E+2	1.108820E+4	3.913800E+1	4.500100E+1	0.000000E+0	
-6.500000E+3	-1.190584E-3	-6.269165E-4	1.345553E-3	-1.522304E+2	1.108820E+4	3.913900E+1	4.500100E+1	0.000000E+0	
-6.600000E+3	-1.208395E-3	-6.341938E-4	1.364705E-3	-1.523085E+2	1.108820E+4	3.914100E+1	4.500000E+1	0.000000E+0	
-6.700000E+3	-1.227284E-3	-6.420756E-4	1.385094E-3	-1.523829E+2	1.108820E+4	3.913800E+1	4.500000E+1	0.000000E+0	
-6.800000E+3	-1.239487E-3	-6.465018E-4	1.397961E-3	-1.524540E+2	1.108820E+4	3.913700E+1	4.500100E+1	0.000000E+0	
-6.900000E+3	-1.250181E-3	-6.504665E-4	1.409276E-3	-1.525121E+2	1.108820E+4	3.913700E+1	4.500100E+1	0.000000E+0	
-7.000000E+3	-1.255348E-3	-6.526863E-4	1.414885E-3	-1.525290E+2	1.108820E+4	3.913800E+1	4.499900E+1	0.000000E+0	
-7.100000E+3	-1.257988E-3	-6.539941E-4	1.417830E-3	-1.525313E+2	1.108820E+4	3.913500E+1	4.500000E+1	0.000000E+0	
-7.200000E+3	-1.257559E-3	-6.535616E-4	1.417250E-3	-1.525388E+2	1.108820E+4	3.913400E+1	4.499900E+1	0.000000E+0	
-7.300000E+3	-1.251922E-3	-6.513667E-4	1.411236E-3	-1.525123E+2	1.108820E+4	3.913800E+1	4.500000E+1	0.000000E+0	
-7.400000E+3	-1.246201E-3	-6.482855E-4	1.404739E-3	-1.525161E+2	1.108820E+4	3.913500E+1	4.500000E+1	0.000000E+0	
-7.500000E+3	-1.231502E-3	-6.425285E-4	1.389043E-3	-1.524470E+2	1.108820E+4	3.913800E+1	4.499800E+1	0.000000E+0	
-7.600000E+3	-1.217228E-3	-6.363818E-4	1.373545E-3	-1.523989E+2	1.108820E+4	3.913500E+1	4.500000E+1	0.000000E+0	
-7.700000E+3	-1.194767E-3	-6.270211E-4	1.349305E-3	-1.523092E+2	1.108820E+4	3.914000E+1	4.499900E+1	0.000000E+0	
-7.800000E+3	-1.172877E-3	-6.182292E-4	1.325838E-3	-1.522061E+2	1.108820E+4	3.913600E+1	4.500000E+1	0.000000E+0	
-7.900000E+3	-1.148467E-3	-6.076754E-4	1.299326E-3	-1.521159E+2	1.108820E+4	3.913600E+1	4.500000E+1	0.000000E+0	
-8.000000E+3	-1.125222E-3	-5.986618E-4	1.274567E-3	-1.519853E+2	1.108820E+4	3.913800E+1	4.500000E+1	0.000000E+0	
-8.100000E+3	-1.103527E-3	-5.900508E-4	1.251372E-3	-1.518668E+2	1.108820E+4	3.913400E+1	4.500100E+1	0.000000E+0	
-8.200000E+3	-1.083790E-3	-5.828110E-4	1.230556E-3	-1.517307E+2	1.108820E+4	3.913500E+1	4.500000E+1	0.000000E+0	
-8.300000E+3	-1.068566E-3	-5.759760E-4	1.213911E-3	-1.516745E+2	1.108820E+4	3.913900E+1	4.500000E+1	0.000000E+0	
-8.400000E+3	-1.058014E-3	-5.715839E-4	1.202540E-3	-1.516202E+2	1.108820E+4	3.914000E+1	4.499900E+1	0.000000E+0	
-8.500000E+3	-1.047250E-3	-5.671757E-4	1.190975E-3	-1.515607E+2	1.108820E+4	3.913700E+1	4.499900E+1	0.000000E+0	
-8.600000E+3	-1.038505E-3	-5.641496E-4	1.181845E-3	-1.514878E+2	1.108820E+4	3.913700E+1	4.500000E+1	0.000000E+0	
-8.700000E+3	-1.031372E-3	-5.610465E-4	1.174096E-3	-1.514547E+2	1.108820E+4	3.913800E+1	4.500000E+1	0.000000E+0	
-8.800000E+3	-1.027178E-3	-5.588622E-4	1.169368E-3	-1.514505E+2	1.108820E+4	3.913700E+1	4.500000E+1	0.000000E+0	
-8.900000E+3	-1.021348E-3	-5.566812E-4	1.163205E-3	-1.514076E+2	1.108820E+4	3.913900E+1	4.499900E+1	0.000000E+0	
-9.000000E+3	-1.017055E-3	-5.549276E-4	1.158596E-3	-1.513821E+2	1.108820E+4	3.913700E+1	4.500000E+1	0.000000E+0	
-9.100000E+3	-1.013087E-3	-5.531455E-4	1.154260E-3	-1.513655E+2	1.108820E+4	3.913800E+1	4.499900E+1	0.000000E+0	
-9.200000E+3	-1.010154E-3	-5.522784E-4	1.151270E-3	-1.513334E+2	1.108820E+4	3.913800E+1	4.499900E+1	0.000000E+0	
-9.300000E+3	-1.007106E-3	-5.509603E-4	1.147963E-3	-1.513181E+2	1.108820E+4	3.913700E+1	4.500000E+1	0.000000E+0	
-9.400000E+3	-1.005343E-3	-5.502712E-4	1.146086E-3	-1.513061E+2	1.108820E+4	3.913800E+1	4.499900E+1	0.000000E+0	
-9.500000E+3	-1.004017E-3	-5.498445E-4	1.144718E-3	-1.512929E+2	1.108820E+4	3.914400E+1	4.499900E+1	0.000000E+0	
-9.600000E+3	-1.002704E-3	-5.493972E-4	1.143352E-3	-1.512810E+2	1.108820E+4	3.913700E+1	4.500000E+1	0.000000E+0	
-9.700000E+3	-1.001827E-3	-5.489614E-4	1.142373E-3	-1.512790E+2	1.108820E+4	3.913500E+1	4.500100E+1	0.000000E+0	
-9.800000E+3	-1.000621E-3	-5.485179E-4	1.141102E-3	-1.512694E+2	1.108820E+4	3.913900E+1	4.500000E+1	0.000000E+0	
-9.900000E+3	-1.000623E-3	-5.485250E-4	1.141107E-3	-1.512692E+2	1.108820E+4	3.913800E+1	4.500100E+1	0.000000E+0	
-1.000000E+4	-9.992977E-4	-5.480826E-4	1.139733E-3	-1.512567E+2	1.108820E+4	3.913700E+1	4.500000E+1	0.000000E+0	
-1.010000E+4	-9.988372E-4	-5.480864E-4	1.139331E-3	-1.512453E+2	1.108820E+4	3.913800E+1	4.500000E+1	0.000000E+0	
-1.020000E+4	-9.984044E-4	-5.476380E-4	1.138736E-3	-1.512546E+2	1.108820E+4	3.913800E+1	4.500000E+1	0.000000E+0	
-1.030000E+4	-9.979616E-4	-5.476390E-4	1.138348E-3	-1.512439E+2	1.108820E+4	3.914000E+1	4.500000E+1	0.000000E+0	
-1.040000E+4	-9.979629E-4	-5.476426E-4	1.138351E-3	-1.512438E+2	1.108820E+4	3.913500E+1	4.500000E+1	0.000000E+0	
-1.050000E+4	-9.975513E-4	-5.476339E-4	1.137986E-3	-1.512342E+2	1.108820E+4	3.913800E+1	4.500000E+1	0.000000E+0	
-1.060000E+4	-9.975367E-4	-5.471817E-4	1.137755E-3	-1.512538E+2	1.108820E+4	3.913700E+1	4.500000E+1	0.000000E+0	
-1.070000E+4	-9.975345E-4	-5.471793E-4	1.137752E-3	-1.512538E+2	1.108820E+4	3.913700E+1	4.500100E+1	0.000000E+0	
-1.080000E+4	-9.970751E-4	-5.471820E-4	1.137351E-3	-1.512426E+2	1.108820E+4	3.913600E+1	4.500100E+1	0.000000E+0	
-1.090000E+4	-9.970771E-4	-5.471854E-4	1.137354E-3	-1.512425E+2	1.108820E+4	3.913700E+1	4.500000E+1	0.000000E+0	
-1.100000E+4	-9.966537E-4	-5.467404E-4	1.136769E-3	-1.512519E+2	1.108820E+4	3.913900E+1	4.500100E+1	0.000000E+0	
