	
	Sensitivity=20 mV/nA,, Reserve=Normal,, Time Constant=100ms,, Low Pass Filter=24 dB/oct	
	Daten erstellt am: 	2018_10_05	
	***End of Header***
Stepwith 	Channel X LIA [V] 	Channel Y LIA [V] 	Amplitude LIA [V] 	Phase [°] 	Frequency [Hz] 	Temp Sensor 1 	Temp Sensor 2 	Current I [A]	Voltage over Resistance for Current [V] 
-1.000000E+2	-9.574456E-4	-1.811536E-3	2.048991E-3	-1.178577E+2	2.462920E+4	3.010900E+1	3.000100E+1	-4.605890E-2	-4.386562E-4
-2.000000E+2	-9.574400E-4	-1.810699E-3	2.048249E-3	-1.178685E+2	2.462920E+4	3.010600E+1	3.000100E+1	0.000000E+0	
-3.000000E+2	-9.565303E-4	-1.809798E-3	2.047027E-3	-1.178577E+2	2.462920E+4	3.011000E+1	3.000100E+1	0.000000E+0	
-4.000000E+2	-9.565399E-4	-1.809818E-3	2.047049E-3	-1.178577E+2	2.462920E+4	3.010700E+1	3.000100E+1	0.000000E+0	
-5.000000E+2	-9.565500E-4	-1.808931E-3	2.046269E-3	-1.178696E+2	2.462920E+4	3.011700E+1	3.000000E+1	0.000000E+0	
-6.000000E+2	-9.556917E-4	-1.808937E-3	2.045874E-3	-1.178482E+2	2.462920E+4	3.010900E+1	3.000000E+1	0.000000E+0	
-7.000000E+2	-9.547749E-4	-1.808046E-3	2.044658E-3	-1.178372E+2	2.462920E+4	3.011400E+1	3.000000E+1	0.000000E+0	
-8.000000E+2	-9.547652E-4	-1.808036E-3	2.044644E-3	-1.178371E+2	2.462920E+4	3.011600E+1	3.000000E+1	0.000000E+0	
-9.000000E+2	-9.539416E-4	-1.807224E-3	2.043541E-3	-1.178273E+2	2.462920E+4	3.011300E+1	3.000000E+1	0.000000E+0	
-1.000000E+3	-9.530444E-4	-1.806345E-3	2.042345E-3	-1.178165E+2	2.462920E+4	3.011100E+1	2.999900E+1	0.000000E+0	
-1.100000E+3	-9.521692E-4	-1.805470E-3	2.041164E-3	-1.178063E+2	2.462920E+4	3.010800E+1	2.999900E+1	0.000000E+0	
-1.200000E+3	-9.512557E-4	-1.804599E-3	2.039967E-3	-1.177950E+2	2.462920E+4	3.011000E+1	3.000000E+1	0.000000E+0	
-1.300000E+3	-9.514605E-4	-1.803730E-3	2.039294E-3	-1.178115E+2	2.462920E+4	3.010900E+1	3.000000E+1	0.000000E+0	
-1.400000E+3	-9.496747E-4	-1.802833E-3	2.037668E-3	-1.177788E+2	2.462920E+4	3.010500E+1	2.999900E+1	0.000000E+0	
-1.500000E+3	-9.488025E-4	-1.801079E-3	2.035709E-3	-1.177801E+2	2.462920E+4	3.010800E+1	3.000100E+1	0.000000E+0	
-1.600000E+3	-9.470466E-4	-1.800153E-3	2.034072E-3	-1.177485E+2	2.462920E+4	3.010800E+1	3.000100E+1	0.000000E+0	
-1.700000E+3	-9.444338E-4	-1.798419E-3	2.031321E-3	-1.177061E+2	2.462920E+4	3.010900E+1	3.000000E+1	0.000000E+0	
-1.800000E+3	-9.417710E-4	-1.796675E-3	2.028539E-3	-1.176624E+2	2.462920E+4	3.011400E+1	3.000000E+1	0.000000E+0	
-1.900000E+3	-9.391702E-4	-1.793667E-3	2.024668E-3	-1.176367E+2	2.462920E+4	3.011200E+1	3.000000E+1	0.000000E+0	
-2.000000E+3	-9.356417E-4	-1.790924E-3	2.020602E-3	-1.175842E+2	2.462920E+4	3.011300E+1	3.000000E+1	0.000000E+0	
-2.100000E+3	-9.312387E-4	-1.787418E-3	2.015457E-3	-1.175194E+2	2.462920E+4	3.011100E+1	3.000000E+1	0.000000E+0	
-2.200000E+3	-9.259566E-4	-1.782098E-3	2.008300E-3	-1.174558E+2	2.462920E+4	3.011200E+1	3.000100E+1	0.000000E+0	
-2.300000E+3	-9.183596E-4	-1.775120E-3	1.998608E-3	-1.173548E+2	2.462920E+4	3.010900E+1	3.000100E+1	0.000000E+0	
-2.400000E+3	-9.113133E-4	-1.768953E-3	1.989896E-3	-1.172562E+2	2.462920E+4	3.011200E+1	3.000100E+1	0.000000E+0	
-2.500000E+3	-8.981325E-4	-1.757854E-3	1.974005E-3	-1.170636E+2	2.462920E+4	3.011000E+1	3.000000E+1	0.000000E+0	
-2.600000E+3	-8.867900E-4	-1.747777E-3	1.959878E-3	-1.169024E+2	2.462920E+4	3.010900E+1	3.000100E+1	0.000000E+0	
-2.700000E+3	-8.662546E-4	-1.730585E-3	1.935283E-3	-1.165905E+2	2.462920E+4	3.011000E+1	3.000100E+1	0.000000E+0	
-2.800000E+3	-8.443169E-4	-1.711290E-3	1.908241E-3	-1.162608E+2	2.462920E+4	3.011000E+1	3.000100E+1	0.000000E+0	
-2.900000E+3	-8.119280E-4	-1.681121E-3	1.866921E-3	-1.157791E+2	2.462920E+4	3.011000E+1	3.000000E+1	0.000000E+0	
-3.000000E+3	-7.744384E-4	-1.650740E-3	1.823375E-3	-1.151334E+2	2.462920E+4	3.011100E+1	3.000200E+1	0.000000E+0	
-3.100000E+3	-7.257478E-4	-1.607522E-3	1.763757E-3	-1.142977E+2	2.462920E+4	3.011000E+1	3.000100E+1	0.000000E+0	
-3.200000E+3	-6.754459E-4	-1.565439E-3	1.704942E-3	-1.133389E+2	2.462920E+4	3.010800E+1	3.000100E+1	0.000000E+0	
-3.300000E+3	-6.112168E-4	-1.510892E-3	1.629841E-3	-1.120253E+2	2.462920E+4	3.011100E+1	3.000100E+1	0.000000E+0	
-3.400000E+3	-5.607250E-4	-1.468222E-3	1.571652E-3	-1.109022E+2	2.462920E+4	3.011000E+1	3.000100E+1	0.000000E+0	
-3.500000E+3	-5.023905E-4	-1.417762E-3	1.504143E-3	-1.095120E+2	2.462920E+4	3.010700E+1	3.000100E+1	0.000000E+0	
-3.600000E+3	-4.563931E-4	-1.380867E-3	1.454334E-3	-1.082893E+2	2.462920E+4	3.010800E+1	3.000100E+1	0.000000E+0	
-3.700000E+3	-4.146160E-4	-1.345021E-3	1.407475E-3	-1.071324E+2	2.462920E+4	3.011000E+1	3.000200E+1	0.000000E+0	
-3.800000E+3	-3.862801E-4	-1.321147E-3	1.376460E-3	-1.062980E+2	2.462920E+4	3.011000E+1	3.000100E+1	0.000000E+0	
-3.900000E+3	-3.647498E-4	-1.302725E-3	1.352825E-3	-1.056417E+2	2.462920E+4	3.010900E+1	3.000100E+1	0.000000E+0	
-4.000000E+3	-3.545004E-4	-1.294740E-3	1.342395E-3	-1.053123E+2	2.462920E+4	3.010600E+1	3.000100E+1	0.000000E+0	
-4.100000E+3	-3.500688E-4	-1.291223E-3	1.337836E-3	-1.051691E+2	2.462920E+4	3.011000E+1	3.000100E+1	0.000000E+0	
-4.200000E+3	-3.536067E-4	-1.294736E-3	1.342155E-3	-1.052756E+2	2.462920E+4	3.011100E+1	3.000000E+1	0.000000E+0	
-4.300000E+3	-3.676528E-4	-1.305374E-3	1.356160E-3	-1.057296E+2	2.462920E+4	3.011000E+1	2.999900E+1	0.000000E+0	
-4.400000E+3	-3.893803E-4	-1.323395E-3	1.379490E-3	-1.063954E+2	2.462920E+4	3.010900E+1	3.000000E+1	0.000000E+0	
-4.500000E+3	-4.233185E-4	-1.354030E-3	1.418660E-3	-1.073611E+2	2.462920E+4	3.010800E+1	3.000000E+1	0.000000E+0	
-4.600000E+3	-4.624544E-4	-1.387062E-3	1.462123E-3	-1.084387E+2	2.462920E+4	3.010800E+1	3.000000E+1	0.000000E+0	
-4.700000E+3	-5.159263E-4	-1.433907E-3	1.523899E-3	-1.097890E+2	2.462920E+4	3.010900E+1	3.000000E+1	0.000000E+0	
-4.800000E+3	-5.703225E-4	-1.478745E-3	1.584914E-3	-1.110906E+2	2.462920E+4	3.011100E+1	3.000100E+1	0.000000E+0	
-4.900000E+3	-6.327208E-4	-1.532237E-3	1.657735E-3	-1.124377E+2	2.462920E+4	3.011300E+1	2.999900E+1	0.000000E+0	
-5.000000E+3	-6.861311E-4	-1.577242E-3	1.720020E-3	-1.135100E+2	2.462920E+4	3.010700E+1	3.000000E+1	0.000000E+0	
-5.100000E+3	-7.444099E-4	-1.626654E-3	1.788896E-3	-1.145904E+2	2.462920E+4	3.010700E+1	3.000000E+1	0.000000E+0	
-5.200000E+3	-7.869934E-4	-1.661781E-3	1.838716E-3	-1.153415E+2	2.462920E+4	3.011100E+1	3.000000E+1	0.000000E+0	
-5.300000E+3	-8.304525E-4	-1.699848E-3	1.891860E-3	-1.160376E+2	2.462920E+4	3.010600E+1	3.000000E+1	0.000000E+0	
-5.400000E+3	-8.642664E-4	-1.728805E-3	1.932802E-3	-1.165614E+2	2.462920E+4	3.010600E+1	3.000000E+1	0.000000E+0	
-5.500000E+3	-9.002873E-4	-1.760559E-3	1.977394E-3	-1.170836E+2	2.462920E+4	3.011000E+1	3.000100E+1	0.000000E+0	
-5.600000E+3	-9.315483E-4	-1.787412E-3	2.015595E-3	-1.175273E+2	2.462920E+4	3.010800E+1	3.000100E+1	0.000000E+0	
-5.700000E+3	-9.679955E-4	-1.820293E-3	2.061670E-3	-1.180032E+2	2.462920E+4	3.011000E+1	3.000000E+1	0.000000E+0	
-5.800000E+3	-1.003776E-3	-1.850100E-3	2.104860E-3	-1.184821E+2	2.462920E+4	3.010700E+1	3.000100E+1	0.000000E+0	
-5.900000E+3	-1.050833E-3	-1.893474E-3	2.165524E-3	-1.190292E+2	2.462920E+4	3.010700E+1	3.000100E+1	0.000000E+0	
-6.000000E+3	-1.097013E-3	-1.932098E-3	2.221811E-3	-1.195872E+2	2.462920E+4	3.011300E+1	3.000200E+1	0.000000E+0	
-6.100000E+3	-1.156322E-3	-1.984336E-3	2.296664E-3	-1.202304E+2	2.462920E+4	3.011300E+1	3.000100E+1	0.000000E+0	
-6.200000E+3	-1.215811E-3	-2.033961E-3	2.369640E-3	-1.208691E+2	2.462920E+4	3.010900E+1	3.000200E+1	0.000000E+0	
-6.300000E+3	-1.282285E-3	-2.090725E-3	2.452628E-3	-1.215216E+2	2.462920E+4	3.010800E+1	3.000200E+1	0.000000E+0	
-6.400000E+3	-1.339463E-3	-2.138689E-3	2.523519E-3	-1.220589E+2	2.462920E+4	3.010700E+1	3.000200E+1	0.000000E+0	
-6.500000E+3	-1.395290E-3	-2.187498E-3	2.594606E-3	-1.225317E+2	2.462920E+4	3.010700E+1	3.000200E+1	0.000000E+0	
-6.600000E+3	-1.443032E-3	-2.226500E-3	2.653232E-3	-1.229480E+2	2.462920E+4	3.010700E+1	3.000200E+1	0.000000E+0	
-6.700000E+3	-1.483645E-3	-2.261541E-3	2.704768E-3	-1.232662E+2	2.462920E+4	3.010700E+1	3.000100E+1	0.000000E+0	
-6.800000E+3	-1.510567E-3	-2.283967E-3	2.738306E-3	-1.234798E+2	2.462920E+4	3.011100E+1	3.000000E+1	0.000000E+0	
-6.900000E+3	-1.534524E-3	-2.303404E-3	2.767748E-3	-1.236715E+2	2.462920E+4	3.010700E+1	3.000000E+1	0.000000E+0	
-7.000000E+3	-1.548055E-3	-2.313965E-3	2.784045E-3	-1.237827E+2	2.462920E+4	3.010800E+1	3.000100E+1	0.000000E+0	
-7.100000E+3	-1.554265E-3	-2.319225E-3	2.791871E-3	-1.238286E+2	2.462920E+4	3.010800E+1	3.000000E+1	0.000000E+0	
-7.200000E+3	-1.553181E-3	-2.317437E-3	2.789782E-3	-1.238306E+2	2.462920E+4	3.010700E+1	3.000200E+1	0.000000E+0	
-7.300000E+3	-1.542759E-3	-2.307776E-3	2.775957E-3	-1.237629E+2	2.462920E+4	3.010900E+1	3.000200E+1	0.000000E+0	
-7.400000E+3	-1.525460E-3	-2.291989E-3	2.753224E-3	-1.236462E+2	2.462920E+4	3.010900E+1	3.000100E+1	0.000000E+0	
-7.500000E+3	-1.494823E-3	-2.264683E-3	2.713537E-3	-1.234271E+2	2.462920E+4	3.011000E+1	3.000000E+1	0.000000E+0	
-7.600000E+3	-1.459697E-3	-2.234463E-3	2.668996E-3	-1.231552E+2	2.462920E+4	3.011100E+1	3.000000E+1	0.000000E+0	
-7.700000E+3	-1.407593E-3	-2.189794E-3	2.603174E-3	-1.227328E+2	2.462920E+4	3.010900E+1	3.000000E+1	0.000000E+0	
-7.800000E+3	-1.358169E-3	-2.148183E-3	2.541518E-3	-1.223027E+2	2.462920E+4	3.010900E+1	3.000000E+1	0.000000E+0	
-7.900000E+3	-1.300059E-3	-2.097638E-3	2.467841E-3	-1.217895E+2	2.462920E+4	3.011100E+1	3.000200E+1	0.000000E+0	
-8.000000E+3	-1.250230E-3	-2.056432E-3	2.406654E-3	-1.212980E+2	2.462920E+4	3.011100E+1	3.000100E+1	0.000000E+0	
-8.100000E+3	-1.201228E-3	-2.012949E-3	2.344122E-3	-1.208266E+2	2.462920E+4	3.010400E+1	3.000200E+1	0.000000E+0	
-8.200000E+3	-1.161692E-3	-1.980107E-3	2.295725E-3	-1.203994E+2	2.462920E+4	3.010900E+1	3.000100E+1	0.000000E+0	
-8.300000E+3	-1.123641E-3	-1.948220E-3	2.249029E-3	-1.199743E+2	2.462920E+4	3.011300E+1	2.999900E+1	0.000000E+0	
-8.400000E+3	-1.099916E-3	-1.927548E-3	2.219292E-3	-1.197104E+2	2.462920E+4	3.010800E+1	2.999900E+1	0.000000E+0	
-8.500000E+3	-1.075958E-3	-1.907340E-3	2.189893E-3	-1.194280E+2	2.462920E+4	3.011000E+1	2.999900E+1	0.000000E+0	
-8.600000E+3	-1.058772E-3	-1.891994E-3	2.168096E-3	-1.192317E+2	2.462920E+4	3.010800E+1	3.000000E+1	0.000000E+0	
-8.700000E+3	-1.041841E-3	-1.877650E-3	2.147325E-3	-1.190243E+2	2.462920E+4	3.010900E+1	3.000000E+1	0.000000E+0	
-8.800000E+3	-1.029823E-3	-1.867434E-3	2.132568E-3	-1.188752E+2	2.462920E+4	3.010800E+1	3.000000E+1	0.000000E+0	
-8.900000E+3	-1.017503E-3	-1.856972E-3	2.117465E-3	-1.187199E+2	2.462920E+4	3.010600E+1	3.000000E+1	0.000000E+0	
-9.000000E+3	-1.008745E-3	-1.849023E-3	2.106289E-3	-1.186149E+2	2.462920E+4	3.010500E+1	3.000000E+1	0.000000E+0	
-9.100000E+3	-9.993835E-4	-1.841917E-3	2.095573E-3	-1.184833E+2	2.462920E+4	3.010700E+1	2.999900E+1	0.000000E+0	
-9.200000E+3	-9.923623E-4	-1.835776E-3	2.086830E-3	-1.183942E+2	2.462920E+4	3.010600E+1	3.000100E+1	0.000000E+0	
-9.300000E+3	-9.861735E-4	-1.831461E-3	2.080093E-3	-1.183008E+2	2.462920E+4	3.011000E+1	3.000100E+1	0.000000E+0	
-9.400000E+3	-9.826332E-4	-1.827883E-3	2.075265E-3	-1.182616E+2	2.462920E+4	3.011000E+1	3.000200E+1	0.000000E+0	
-9.500000E+3	-9.785557E-4	-1.824384E-3	2.070254E-3	-1.182080E+2	2.462920E+4	3.010800E+1	3.000100E+1	0.000000E+0	
-9.600000E+3	-9.758804E-4	-1.822634E-3	2.067447E-3	-1.181656E+2	2.462920E+4	3.011100E+1	3.000000E+1	0.000000E+0	
-9.700000E+3	-9.732754E-4	-1.821252E-3	2.064999E-3	-1.181200E+2	2.462920E+4	3.011200E+1	3.000100E+1	0.000000E+0	
-9.800000E+3	-9.715021E-4	-1.818618E-3	2.061841E-3	-1.181110E+2	2.462920E+4	3.010900E+1	3.000200E+1	0.000000E+0	
-9.900000E+3	-9.697328E-4	-1.817752E-3	2.060244E-3	-1.180790E+2	2.462920E+4	3.011100E+1	3.000300E+1	0.000000E+0	
-1.000000E+4	-9.680074E-4	-1.816864E-3	2.058649E-3	-1.180483E+2	2.462920E+4	3.010700E+1	3.000100E+1	0.000000E+0	
-1.010000E+4	-9.670845E-4	-1.815983E-3	2.057437E-3	-1.180371E+2	2.462920E+4	3.010800E+1	3.000100E+1	0.000000E+0	
-1.020000E+4	-9.653310E-4	-1.815091E-3	2.055826E-3	-1.180057E+2	2.462920E+4	3.010900E+1	3.000200E+1	0.000000E+0	
-1.030000E+4	-9.644926E-4	-1.814197E-3	2.054643E-3	-1.179967E+2	2.462920E+4	3.011100E+1	3.000200E+1	0.000000E+0	
-1.040000E+4	-9.635657E-4	-1.813295E-3	2.053411E-3	-1.179857E+2	2.462920E+4	3.011100E+1	3.000200E+1	0.000000E+0	
-1.050000E+4	-9.627017E-4	-1.812435E-3	2.052246E-3	-1.179757E+2	2.462920E+4	3.010900E+1	3.000100E+1	0.000000E+0	
-1.060000E+4	-9.627119E-4	-1.812416E-3	2.052234E-3	-1.179762E+2	2.462920E+4	3.011200E+1	3.000000E+1	0.000000E+0	
-1.070000E+4	-9.618032E-4	-1.811545E-3	2.051039E-3	-1.179652E+2	2.462920E+4	3.010700E+1	3.000100E+1	0.000000E+0	
-1.080000E+4	-9.618293E-4	-1.811536E-3	2.051043E-3	-1.179659E+2	2.462920E+4	3.010900E+1	3.000100E+1	0.000000E+0	
-1.090000E+4	-9.609846E-4	-1.810667E-3	2.049880E-3	-1.179565E+2	2.462920E+4	3.010900E+1	3.000100E+1	0.000000E+0	
-1.100000E+4	-9.609806E-4	-1.810686E-3	2.049895E-3	-1.179561E+2	2.462920E+4	3.011100E+1	3.000100E+1	0.000000E+0	
