	
	Sensitivity=5 mV/nA,, Reserve=Normal,, Time Constant=100ms,, Low Pass Filter=24 dB/oct	
	Daten erstellt am: 	2018_10_05	
	***End of Header***
Stepwith 	Channel X LIA [V] 	Channel Y LIA [V] 	Amplitude LIA [V] 	Phase [°] 	Frequency [Hz] 	Temp Sensor 1 	Temp Sensor 2 	Current I [A]	Voltage over Resistance for Current [V] 
-1.000000E+2	-5.763164E-4	-6.331273E-5	5.797837E-4	-1.737308E+2	4.843100E+3	3.009800E+1	3.000100E+1	-4.639230E-2	-4.418315E-4
-2.000000E+2	-5.761099E-4	-6.308572E-5	5.795537E-4	-1.737508E+2	4.843100E+3	3.009200E+1	3.000100E+1	0.000000E+0	
-3.000000E+2	-5.758773E-4	-6.308872E-5	5.793228E-4	-1.737480E+2	4.843100E+3	3.009400E+1	3.000200E+1	0.000000E+0	
-4.000000E+2	-5.756609E-4	-6.308879E-5	5.791077E-4	-1.737457E+2	4.843100E+3	3.009700E+1	3.000000E+1	0.000000E+0	
-5.000000E+2	-5.756676E-4	-6.308521E-5	5.791139E-4	-1.737461E+2	4.843100E+3	3.009600E+1	3.000000E+1	0.000000E+0	
-6.000000E+2	-5.754456E-4	-6.309176E-5	5.788940E-4	-1.737431E+2	4.843100E+3	3.009600E+1	3.000100E+1	0.000000E+0	
-7.000000E+2	-5.754023E-4	-6.308666E-5	5.788504E-4	-1.737431E+2	4.843100E+3	3.009500E+1	3.000000E+1	0.000000E+0	
-8.000000E+2	-5.749959E-4	-6.308874E-5	5.784466E-4	-1.737385E+2	4.843100E+3	3.009500E+1	3.000100E+1	0.000000E+0	
-9.000000E+2	-5.750021E-4	-6.308674E-5	5.784525E-4	-1.737388E+2	4.843100E+3	3.009600E+1	3.000200E+1	0.000000E+0	
-1.000000E+3	-5.747966E-4	-6.287141E-5	5.782248E-4	-1.737578E+2	4.843100E+3	3.009700E+1	3.000100E+1	0.000000E+0	
-1.100000E+3	-5.743398E-4	-6.286776E-5	5.777704E-4	-1.737532E+2	4.843100E+3	3.009600E+1	3.000100E+1	0.000000E+0	
-1.200000E+3	-5.741172E-4	-6.286813E-5	5.775491E-4	-1.737508E+2	4.843100E+3	3.009700E+1	3.000000E+1	0.000000E+0	
-1.300000E+3	-5.734661E-4	-6.286877E-5	5.769019E-4	-1.737437E+2	4.843100E+3	3.009700E+1	3.000100E+1	0.000000E+0	
-1.400000E+3	-5.732449E-4	-6.263662E-5	5.766568E-4	-1.737642E+2	4.843100E+3	3.009800E+1	3.000000E+1	0.000000E+0	
-1.500000E+3	-5.728074E-4	-6.264291E-5	5.762226E-4	-1.737589E+2	4.843100E+3	3.009900E+1	3.000100E+1	0.000000E+0	
-1.600000E+3	-5.723633E-4	-6.263673E-5	5.757804E-4	-1.737547E+2	4.843100E+3	3.009900E+1	3.000000E+1	0.000000E+0	
-1.700000E+3	-5.714944E-4	-6.241793E-5	5.748929E-4	-1.737669E+2	4.843100E+3	3.009600E+1	3.000000E+1	0.000000E+0	
-1.800000E+3	-5.708358E-4	-6.219959E-5	5.742145E-4	-1.737815E+2	4.843100E+3	3.009600E+1	3.000200E+1	0.000000E+0	
-1.900000E+3	-5.697276E-4	-6.197825E-5	5.730888E-4	-1.737914E+2	4.843100E+3	3.009600E+1	3.000100E+1	0.000000E+0	
-2.000000E+3	-5.688960E-4	-6.197930E-5	5.722622E-4	-1.737823E+2	4.843100E+3	3.009400E+1	3.000200E+1	0.000000E+0	
-2.100000E+3	-5.673429E-4	-6.154551E-5	5.706714E-4	-1.738087E+2	4.843100E+3	3.009600E+1	3.000200E+1	0.000000E+0	
-2.200000E+3	-5.658771E-4	-6.132288E-5	5.691901E-4	-1.738151E+2	4.843100E+3	3.009800E+1	3.000200E+1	0.000000E+0	
-2.300000E+3	-5.634043E-4	-6.090707E-5	5.666869E-4	-1.738300E+2	4.843100E+3	3.009700E+1	3.000000E+1	0.000000E+0	
-2.400000E+3	-5.610796E-4	-6.046920E-5	5.643287E-4	-1.738488E+2	4.843100E+3	3.009400E+1	3.000100E+1	0.000000E+0	
-2.500000E+3	-5.571006E-4	-5.958558E-5	5.602781E-4	-1.738950E+2	4.843100E+3	3.009300E+1	3.000100E+1	0.000000E+0	
-2.600000E+3	-5.530035E-4	-5.869233E-5	5.561094E-4	-1.739417E+2	4.843100E+3	3.009200E+1	2.999900E+1	0.000000E+0	
-2.700000E+3	-5.469168E-4	-5.759721E-5	5.499413E-4	-1.739882E+2	4.843100E+3	3.009500E+1	2.999800E+1	0.000000E+0	
-2.800000E+3	-5.395762E-4	-5.607162E-5	5.424818E-4	-1.740672E+2	4.843100E+3	3.009700E+1	3.000000E+1	0.000000E+0	
-2.900000E+3	-5.284608E-4	-5.397381E-5	5.312099E-4	-1.741684E+2	4.843100E+3	3.009400E+1	3.000100E+1	0.000000E+0	
-3.000000E+3	-5.169313E-4	-5.154065E-5	5.194944E-4	-1.743061E+2	4.843100E+3	3.009400E+1	3.000000E+1	0.000000E+0	
-3.100000E+3	-5.013933E-4	-4.825612E-5	5.037101E-4	-1.745026E+2	4.843100E+3	3.009600E+1	3.000100E+1	0.000000E+0	
-3.200000E+3	-4.841129E-4	-4.538666E-5	4.862358E-4	-1.746440E+2	4.843100E+3	3.009500E+1	3.000000E+1	0.000000E+0	
-3.300000E+3	-4.644957E-4	-4.121929E-5	4.663210E-4	-1.749289E+2	4.843100E+3	3.009400E+1	3.000000E+1	0.000000E+0	
-3.400000E+3	-4.481445E-4	-3.823309E-5	4.497725E-4	-1.751237E+2	4.843100E+3	3.009900E+1	3.000200E+1	0.000000E+0	
-3.500000E+3	-4.282398E-4	-3.428253E-5	4.296098E-4	-1.754230E+2	4.843100E+3	3.009600E+1	3.000000E+1	0.000000E+0	
-3.600000E+3	-4.148948E-4	-3.192021E-5	4.161209E-4	-1.756006E+2	4.843100E+3	3.009500E+1	3.000000E+1	0.000000E+0	
-3.700000E+3	-4.007020E-4	-2.906015E-5	4.017544E-4	-1.758520E+2	4.843100E+3	3.009500E+1	3.000000E+1	0.000000E+0	
-3.800000E+3	-3.917978E-4	-2.729806E-5	3.927477E-4	-1.760144E+2	4.843100E+3	3.010000E+1	3.000100E+1	0.000000E+0	
-3.900000E+3	-3.847978E-4	-2.607883E-5	3.856805E-4	-1.761228E+2	4.843100E+3	3.009700E+1	3.000100E+1	0.000000E+0	
-4.000000E+3	-3.813643E-4	-2.542668E-5	3.822110E-4	-1.761856E+2	4.843100E+3	3.009700E+1	3.000200E+1	0.000000E+0	
-4.100000E+3	-3.800477E-4	-2.520093E-5	3.808823E-4	-1.762063E+2	4.843100E+3	3.009400E+1	3.000100E+1	0.000000E+0	
-4.200000E+3	-3.809257E-4	-2.542000E-5	3.817729E-4	-1.761822E+2	4.843100E+3	3.009500E+1	3.000100E+1	0.000000E+0	
-4.300000E+3	-3.853737E-4	-2.630017E-5	3.862701E-4	-1.760959E+2	4.843100E+3	3.009500E+1	3.000200E+1	0.000000E+0	
-4.400000E+3	-3.917869E-4	-2.751643E-5	3.927520E-4	-1.759825E+2	4.843100E+3	3.009100E+1	3.000100E+1	0.000000E+0	
-4.500000E+3	-4.024051E-4	-2.972332E-5	4.035014E-4	-1.757756E+2	4.843100E+3	3.009100E+1	3.000000E+1	0.000000E+0	
-4.600000E+3	-4.159990E-4	-3.219503E-5	4.172430E-4	-1.755746E+2	4.843100E+3	3.009600E+1	3.000200E+1	0.000000E+0	
-4.700000E+3	-4.318634E-4	-3.561514E-5	4.333295E-4	-1.752856E+2	4.843100E+3	3.009500E+1	3.000100E+1	0.000000E+0	
-4.800000E+3	-4.491912E-4	-3.868113E-5	4.508536E-4	-1.750782E+2	4.843100E+3	3.009300E+1	3.000100E+1	0.000000E+0	
-4.900000E+3	-4.697812E-4	-4.275904E-5	4.717231E-4	-1.747993E+2	4.843100E+3	3.009700E+1	3.000100E+1	0.000000E+0	
-5.000000E+3	-4.867572E-4	-4.604600E-5	4.889302E-4	-1.745960E+2	4.843100E+3	3.009500E+1	3.000100E+1	0.000000E+0	
-5.100000E+3	-5.049090E-4	-4.958466E-5	5.073379E-4	-1.743912E+2	4.843100E+3	3.009400E+1	3.000100E+1	0.000000E+0	
-5.200000E+3	-5.191368E-4	-5.220306E-5	5.217549E-4	-1.742578E+2	4.843100E+3	3.009900E+1	3.000100E+1	0.000000E+0	
-5.300000E+3	-5.336483E-4	-5.496379E-5	5.364713E-4	-1.741195E+2	4.843100E+3	3.009700E+1	3.000100E+1	0.000000E+0	
-5.400000E+3	-5.454067E-4	-5.739038E-5	5.484178E-4	-1.739932E+2	4.843100E+3	3.009600E+1	3.000100E+1	0.000000E+0	
-5.500000E+3	-5.568317E-4	-5.958918E-5	5.600110E-4	-1.738918E+2	4.843100E+3	3.009700E+1	3.000100E+1	0.000000E+0	
-5.600000E+3	-5.669183E-4	-6.154198E-5	5.702489E-4	-1.738045E+2	4.843100E+3	3.009200E+1	3.000000E+1	0.000000E+0	
-5.700000E+3	-5.794540E-4	-6.417928E-5	5.829973E-4	-1.736798E+2	4.843100E+3	3.009000E+1	3.000200E+1	0.000000E+0	
-5.800000E+3	-5.910933E-4	-6.637632E-5	5.948085E-4	-1.735929E+2	4.843100E+3	3.009300E+1	3.000100E+1	0.000000E+0	
-5.900000E+3	-6.053844E-4	-6.934800E-5	6.093434E-4	-1.734651E+2	4.843100E+3	3.009400E+1	3.000200E+1	0.000000E+0	
-6.000000E+3	-6.209841E-4	-7.239581E-5	6.251899E-4	-1.733503E+2	4.843100E+3	3.009300E+1	3.000100E+1	0.000000E+0	
-6.100000E+3	-6.412024E-4	-7.616677E-5	6.457103E-4	-1.732257E+2	4.843100E+3	3.009100E+1	3.000000E+1	0.000000E+0	
-6.200000E+3	-6.579053E-4	-7.946049E-5	6.626864E-4	-1.731133E+2	4.843100E+3	3.009500E+1	3.000100E+1	0.000000E+0	
-6.300000E+3	-6.808960E-4	-8.377362E-5	6.860302E-4	-1.729859E+2	4.843100E+3	3.009500E+1	3.000200E+1	0.000000E+0	
-6.400000E+3	-6.984483E-4	-8.728264E-5	7.038809E-4	-1.728769E+2	4.843100E+3	3.009400E+1	3.000100E+1	0.000000E+0	
-6.500000E+3	-7.178556E-4	-9.097889E-5	7.235978E-4	-1.727770E+2	4.843100E+3	3.009600E+1	3.000000E+1	0.000000E+0	
-6.600000E+3	-7.321633E-4	-9.359658E-5	7.381216E-4	-1.727151E+2	4.843100E+3	3.009500E+1	3.000100E+1	0.000000E+0	
-6.700000E+3	-7.456405E-4	-9.614524E-5	7.518136E-4	-1.726526E+2	4.843100E+3	3.009300E+1	3.000000E+1	0.000000E+0	
-6.800000E+3	-7.549632E-4	-9.790714E-5	7.612852E-4	-1.726109E+2	4.843100E+3	3.009600E+1	3.000000E+1	0.000000E+0	
-6.900000E+3	-7.619676E-4	-9.921420E-5	7.683997E-4	-1.725814E+2	4.843100E+3	3.009700E+1	3.000000E+1	0.000000E+0	
-7.000000E+3	-7.658194E-4	-1.000897E-4	7.723324E-4	-1.725539E+2	4.843100E+3	3.009100E+1	3.000100E+1	0.000000E+0	
-7.100000E+3	-7.680046E-4	-1.003105E-4	7.745277E-4	-1.725586E+2	4.843100E+3	3.009400E+1	3.000100E+1	0.000000E+0	
-7.200000E+3	-7.675731E-4	-1.003078E-4	7.740995E-4	-1.725547E+2	4.843100E+3	3.009000E+1	3.000100E+1	0.000000E+0	
-7.300000E+3	-7.640566E-4	-9.965064E-5	7.705276E-4	-1.725692E+2	4.843100E+3	3.009200E+1	3.000100E+1	0.000000E+0	
-7.400000E+3	-7.587426E-4	-9.834404E-5	7.650894E-4	-1.726148E+2	4.843100E+3	3.009200E+1	3.000000E+1	0.000000E+0	
-7.500000E+3	-7.492335E-4	-9.636232E-5	7.554049E-4	-1.726712E+2	4.843100E+3	3.009400E+1	3.000100E+1	0.000000E+0	
-7.600000E+3	-7.370258E-4	-9.403970E-5	7.430010E-4	-1.727287E+2	4.843100E+3	3.009600E+1	3.000100E+1	0.000000E+0	
-7.700000E+3	-7.202043E-4	-9.075298E-5	7.258997E-4	-1.728180E+2	4.843100E+3	3.009500E+1	3.000000E+1	0.000000E+0	
-7.800000E+3	-7.048981E-4	-8.777589E-5	7.103421E-4	-1.729019E+2	4.843100E+3	3.009300E+1	3.000200E+1	0.000000E+0	
-7.900000E+3	-6.870533E-4	-8.421187E-5	6.921950E-4	-1.730121E+2	4.843100E+3	3.009800E+1	3.000100E+1	0.000000E+0	
-8.000000E+3	-6.704898E-4	-8.122142E-5	6.753914E-4	-1.730930E+2	4.843100E+3	3.009500E+1	3.000100E+1	0.000000E+0	
-8.100000E+3	-6.528493E-4	-7.772001E-5	6.574592E-4	-1.732110E+2	4.843100E+3	3.009500E+1	3.000000E+1	0.000000E+0	
-8.200000E+3	-6.407248E-4	-7.551822E-5	6.451599E-4	-1.732779E+2	4.843100E+3	3.009600E+1	3.000000E+1	0.000000E+0	
-8.300000E+3	-6.297769E-4	-7.352773E-5	6.340547E-4	-1.733408E+2	4.843100E+3	3.009600E+1	3.000000E+1	0.000000E+0	
-8.400000E+3	-6.207088E-4	-7.176652E-5	6.248439E-4	-1.734047E+2	4.843100E+3	3.009700E+1	3.000100E+1	0.000000E+0	
-8.500000E+3	-6.133025E-4	-7.024301E-5	6.173119E-4	-1.734662E+2	4.843100E+3	3.010000E+1	3.000100E+1	0.000000E+0	
-8.600000E+3	-6.074226E-4	-6.913480E-5	6.113443E-4	-1.735067E+2	4.843100E+3	3.009500E+1	3.000100E+1	0.000000E+0	
-8.700000E+3	-6.019928E-4	-6.803369E-5	6.058250E-4	-1.735521E+2	4.843100E+3	3.009500E+1	3.000200E+1	0.000000E+0	
-8.800000E+3	-5.980491E-4	-6.746797E-5	6.018427E-4	-1.735635E+2	4.843100E+3	3.009600E+1	3.000100E+1	0.000000E+0	
-8.900000E+3	-5.941216E-4	-6.659633E-5	5.978424E-4	-1.736043E+2	4.843100E+3	3.009600E+1	3.000100E+1	0.000000E+0	
-9.000000E+3	-5.912718E-4	-6.614539E-5	5.949601E-4	-1.736169E+2	4.843100E+3	3.009700E+1	3.000100E+1	0.000000E+0	
-9.100000E+3	-5.882784E-4	-6.548587E-5	5.919120E-4	-1.736481E+2	4.843100E+3	3.009400E+1	3.000200E+1	0.000000E+0	
-9.200000E+3	-5.862794E-4	-6.504962E-5	5.898771E-4	-1.736687E+2	4.843100E+3	3.009600E+1	3.000100E+1	0.000000E+0	
-9.300000E+3	-5.843376E-4	-6.482829E-5	5.879228E-4	-1.736693E+2	4.843100E+3	3.009400E+1	3.000000E+1	0.000000E+0	
-9.400000E+3	-5.828369E-4	-6.461142E-5	5.864073E-4	-1.736742E+2	4.843100E+3	3.009200E+1	3.000200E+1	0.000000E+0	
-9.500000E+3	-5.817523E-4	-6.418230E-5	5.852821E-4	-1.737043E+2	4.843100E+3	3.009500E+1	3.000100E+1	0.000000E+0	
-9.600000E+3	-5.806430E-4	-6.396386E-5	5.841555E-4	-1.737136E+2	4.843100E+3	3.009700E+1	3.000000E+1	0.000000E+0	
-9.700000E+3	-5.799883E-4	-6.396902E-5	5.835053E-4	-1.737061E+2	4.843100E+3	3.009900E+1	3.000000E+1	0.000000E+0	
-9.800000E+3	-5.795529E-4	-6.374168E-5	5.830476E-4	-1.737236E+2	4.843100E+3	3.009500E+1	3.000100E+1	0.000000E+0	
-9.900000E+3	-5.788882E-4	-6.374102E-5	5.823869E-4	-1.737165E+2	4.843100E+3	3.009400E+1	3.000200E+1	0.000000E+0	
-1.000000E+4	-5.784498E-4	-6.373891E-5	5.819509E-4	-1.737120E+2	4.843100E+3	3.009200E+1	3.000300E+1	0.000000E+0	
-1.010000E+4	-5.780121E-4	-6.353164E-5	5.814932E-4	-1.737276E+2	4.843100E+3	3.009300E+1	3.000300E+1	0.000000E+0	
-1.020000E+4	-5.775607E-4	-6.352781E-5	5.810440E-4	-1.737231E+2	4.843100E+3	3.009500E+1	3.000200E+1	0.000000E+0	
-1.030000E+4	-5.773541E-4	-6.353016E-5	5.808389E-4	-1.737206E+2	4.843100E+3	3.009300E+1	3.000200E+1	0.000000E+0	
-1.040000E+4	-5.773556E-4	-6.353169E-5	5.808406E-4	-1.737205E+2	4.843100E+3	3.009900E+1	3.000200E+1	0.000000E+0	
-1.050000E+4	-5.769100E-4	-6.352793E-5	5.803973E-4	-1.737160E+2	4.843100E+3	3.009300E+1	3.000200E+1	0.000000E+0	
-1.060000E+4	-5.769099E-4	-6.330655E-5	5.803729E-4	-1.737378E+2	4.843100E+3	3.009500E+1	3.000200E+1	0.000000E+0	
-1.070000E+4	-5.765477E-4	-6.329797E-5	5.800120E-4	-1.737347E+2	4.843100E+3	3.009500E+1	3.000200E+1	0.000000E+0	
-1.080000E+4	-5.765492E-4	-6.330553E-5	5.800143E-4	-1.737340E+2	4.843100E+3	3.009200E+1	3.000300E+1	0.000000E+0	
-1.090000E+4	-5.763137E-4	-6.330604E-5	5.797802E-4	-1.737314E+2	4.843100E+3	3.009500E+1	3.000300E+1	0.000000E+0	
-1.100000E+4	-5.763180E-4	-6.330158E-5	5.797840E-4	-1.737319E+2	4.843100E+3	3.009300E+1	3.000200E+1	0.000000E+0	
