	
	Sensitivity=5 mV/nA,, Reserve=Normal,, Time Constant=100ms,, Low Pass Filter=24 dB/oct	
	Daten erstellt am: 	2018_10_04	
	***End of Header***
Stepwith 	Channel X LIA [V] 	Channel Y LIA [V] 	Amplitude LIA [V] 	Phase [°] 	Frequency [Hz] 	Temp Sensor 1 	Temp Sensor 2 	Current I [A]	Voltage over Resistance for Current [V] 
-1.000000E+2	-4.467385E-4	-2.350434E-5	4.473564E-4	-1.769883E+2	3.410050E+3	1.077200E+1	1.052700E+1	-5.041049E-2	-4.800999E-4
-2.000000E+2	-4.465202E-4	-2.349998E-5	4.471381E-4	-1.769874E+2	3.410050E+3	1.077200E+1	1.052700E+1	0.000000E+0	
-3.000000E+2	-4.460883E-4	-2.350564E-5	4.467071E-4	-1.769837E+2	3.410050E+3	1.077100E+1	1.052800E+1	0.000000E+0	
-4.000000E+2	-4.460869E-4	-2.328661E-5	4.466943E-4	-1.770118E+2	3.410050E+3	1.077100E+1	1.052700E+1	0.000000E+0	
-5.000000E+2	-4.456454E-4	-2.327962E-5	4.462530E-4	-1.770097E+2	3.410050E+3	1.077000E+1	1.052500E+1	0.000000E+0	
-6.000000E+2	-4.452691E-4	-2.328248E-5	4.458774E-4	-1.770068E+2	3.410050E+3	1.076900E+1	1.052400E+1	0.000000E+0	
-7.000000E+2	-4.448238E-4	-2.328572E-5	4.454329E-4	-1.770034E+2	3.410050E+3	1.076900E+1	1.052300E+1	0.000000E+0	
-8.000000E+2	-4.443898E-4	-2.306233E-5	4.449878E-4	-1.770292E+2	3.410050E+3	1.076900E+1	1.052200E+1	0.000000E+0	
-9.000000E+2	-4.437178E-4	-2.306126E-5	4.443166E-4	-1.770249E+2	3.410050E+3	1.076900E+1	1.052100E+1	0.000000E+0	
-1.000000E+3	-4.432827E-4	-2.305967E-5	4.438821E-4	-1.770221E+2	3.410050E+3	1.076900E+1	1.052100E+1	0.000000E+0	
-1.100000E+3	-4.423963E-4	-2.306265E-5	4.429970E-4	-1.770158E+2	3.410050E+3	1.076800E+1	1.052200E+1	0.000000E+0	
-1.200000E+3	-4.415234E-4	-2.286017E-5	4.421148E-4	-1.770361E+2	3.410050E+3	1.076800E+1	1.052200E+1	0.000000E+0	
-1.300000E+3	-4.406430E-4	-2.285891E-5	4.412355E-4	-1.770304E+2	3.410050E+3	1.076700E+1	1.052300E+1	0.000000E+0	
-1.400000E+3	-4.395396E-4	-2.264142E-5	4.401223E-4	-1.770512E+2	3.410050E+3	1.076700E+1	1.052500E+1	0.000000E+0	
-1.500000E+3	-4.380757E-4	-2.241605E-5	4.386488E-4	-1.770708E+2	3.410050E+3	1.076700E+1	1.052600E+1	0.000000E+0	
-1.600000E+3	-4.367512E-4	-2.219096E-5	4.373145E-4	-1.770914E+2	3.410050E+3	1.076700E+1	1.052600E+1	0.000000E+0	
-1.700000E+3	-4.347843E-4	-2.198461E-5	4.353398E-4	-1.771053E+2	3.410050E+3	1.076700E+1	1.052600E+1	0.000000E+0	
-1.800000E+3	-4.328015E-4	-2.175391E-5	4.333478E-4	-1.771226E+2	3.410050E+3	1.076700E+1	1.052500E+1	0.000000E+0	
-1.900000E+3	-4.302137E-4	-2.154697E-5	4.307529E-4	-1.771328E+2	3.410050E+3	1.076600E+1	1.052300E+1	0.000000E+0	
-2.000000E+3	-4.271357E-4	-2.109211E-5	4.276561E-4	-1.771730E+2	3.410050E+3	1.076700E+1	1.052200E+1	0.000000E+0	
-2.100000E+3	-4.230177E-4	-2.042970E-5	4.235108E-4	-1.772350E+2	3.410050E+3	1.076600E+1	1.052100E+1	0.000000E+0	
-2.200000E+3	-4.186234E-4	-1.977503E-5	4.190902E-4	-1.772955E+2	3.410050E+3	1.076500E+1	1.052100E+1	0.000000E+0	
-2.300000E+3	-4.123121E-4	-1.910212E-5	4.127544E-4	-1.773474E+2	3.410050E+3	1.076600E+1	1.052100E+1	0.000000E+0	
-2.400000E+3	-4.053787E-4	-1.822980E-5	4.057884E-4	-1.774252E+2	3.410050E+3	1.076600E+1	1.052100E+1	0.000000E+0	
-2.500000E+3	-3.946540E-4	-1.646453E-5	3.949973E-4	-1.776111E+2	3.410050E+3	1.076600E+1	1.052200E+1	0.000000E+0	
-2.600000E+3	-3.835650E-4	-1.494165E-5	3.838559E-4	-1.777692E+2	3.410050E+3	1.076600E+1	1.052200E+1	0.000000E+0	
-2.700000E+3	-3.649739E-4	-1.216767E-5	3.651766E-4	-1.780906E+2	3.410050E+3	1.076600E+1	1.052200E+1	0.000000E+0	
-2.800000E+3	-3.458602E-4	-9.533589E-6	3.459916E-4	-1.784210E+2	3.410050E+3	1.076600E+1	1.052300E+1	0.000000E+0	
-2.900000E+3	-3.141301E-4	-5.021295E-6	3.141702E-4	-1.790842E+2	3.410050E+3	1.076500E+1	1.052400E+1	0.000000E+0	
-3.000000E+3	-2.849894E-4	-6.191017E-7	2.849900E-4	-1.798755E+2	3.410050E+3	1.076600E+1	1.052400E+1	0.000000E+0	
-3.100000E+3	-2.347398E-4	6.530331E-6	2.348306E-4	1.784065E+2	3.410050E+3	1.076500E+1	1.052300E+1	0.000000E+0	
-3.200000E+3	-1.936660E-4	1.224611E-5	1.940528E-4	1.763818E+2	3.410050E+3	1.076500E+1	1.052100E+1	0.000000E+0	
-3.300000E+3	-1.379324E-4	2.051598E-5	1.394499E-4	1.715399E+2	3.410050E+3	1.076500E+1	1.052100E+1	0.000000E+0	
-3.400000E+3	-8.765837E-5	2.727193E-5	9.180277E-5	1.627182E+2	3.410050E+3	1.076500E+1	1.052100E+1	0.000000E+0	
-3.500000E+3	-3.320538E-5	3.508539E-5	4.830716E-5	1.334231E+2	3.410050E+3	1.076500E+1	1.052100E+1	0.000000E+0	
-3.600000E+3	3.876347E-6	4.030279E-5	4.048878E-5	8.450616E+1	3.410050E+3	1.076400E+1	1.052100E+1	0.000000E+0	
-3.700000E+3	4.385291E-5	4.597754E-5	6.353749E-5	4.635488E+1	3.410050E+3	1.076400E+1	1.052200E+1	0.000000E+0	
-3.800000E+3	6.647517E-5	4.927918E-5	8.274893E-5	3.655017E+1	3.410050E+3	1.076500E+1	1.052300E+1	0.000000E+0	
-3.900000E+3	8.665824E-5	5.211572E-5	1.011222E-4	3.102243E+1	3.410050E+3	1.076500E+1	1.052300E+1	0.000000E+0	
-4.000000E+3	9.670591E-5	5.364779E-5	1.105899E-4	2.901941E+1	3.410050E+3	1.076500E+1	1.052300E+1	0.000000E+0	
-4.100000E+3	1.004648E-4	5.408295E-5	1.140971E-4	2.829479E+1	3.410050E+3	1.076400E+1	1.052300E+1	0.000000E+0	
-4.200000E+3	9.736231E-5	5.364087E-5	1.111610E-4	2.885216E+1	3.410050E+3	1.076500E+1	1.052200E+1	0.000000E+0	
-4.300000E+3	8.501316E-5	5.177897E-5	9.954044E-5	3.134434E+1	3.410050E+3	1.076500E+1	1.052200E+1	0.000000E+0	
-4.400000E+3	6.646887E-5	4.927641E-5	8.274222E-5	3.655123E+1	3.410050E+3	1.076400E+1	1.052100E+1	0.000000E+0	
-4.500000E+3	3.601675E-5	4.468005E-5	5.738914E-5	5.112759E+1	3.410050E+3	1.076400E+1	1.052200E+1	0.000000E+0	
-4.600000E+3	4.123814E-7	3.970804E-5	3.971018E-5	8.940499E+1	3.410050E+3	1.076500E+1	1.052200E+1	0.000000E+0	
-4.700000E+3	-4.892184E-5	3.266371E-5	5.882401E-5	1.462701E+2	3.410050E+3	1.076500E+1	1.052200E+1	0.000000E+0	
-4.800000E+3	-9.706821E-5	2.595490E-5	1.004783E-4	1.650300E+2	3.410050E+3	1.076300E+1	1.052200E+1	0.000000E+0	
-4.900000E+3	-1.524071E-4	1.787612E-5	1.534518E-4	1.733102E+2	3.410050E+3	1.076400E+1	1.052100E+1	0.000000E+0	
-5.000000E+3	-1.997501E-4	1.137330E-5	2.000736E-4	1.767412E+2	3.410050E+3	1.076400E+1	1.052100E+1	0.000000E+0	
-5.100000E+3	-2.528942E-4	3.683304E-6	2.529210E-4	1.791656E+2	3.410050E+3	1.076400E+1	1.052100E+1	0.000000E+0	
-5.200000E+3	-2.910498E-4	-1.509770E-6	2.910538E-4	-1.797028E+2	3.410050E+3	1.076400E+1	1.052200E+1	0.000000E+0	
-5.300000E+3	-3.308293E-4	-7.336346E-6	3.309107E-4	-1.787296E+2	3.410050E+3	1.076400E+1	1.052200E+1	0.000000E+0	
-5.400000E+3	-3.629380E-4	-1.172993E-5	3.631275E-4	-1.781489E+2	3.410050E+3	1.076400E+1	1.052300E+1	0.000000E+0	
-5.500000E+3	-3.975304E-4	-1.668074E-5	3.978802E-4	-1.775972E+2	3.410050E+3	1.076500E+1	1.052300E+1	0.000000E+0	
-5.600000E+3	-4.247432E-4	-2.043179E-5	4.252343E-4	-1.772460E+2	3.410050E+3	1.076400E+1	1.052300E+1	0.000000E+0	
-5.700000E+3	-4.570611E-4	-2.570253E-5	4.577832E-4	-1.767814E+2	3.410050E+3	1.076400E+1	1.052300E+1	0.000000E+0	
-5.800000E+3	-4.899136E-4	-3.021966E-5	4.908448E-4	-1.764703E+2	3.410050E+3	1.076500E+1	1.052300E+1	0.000000E+0	
-5.900000E+3	-5.314358E-4	-3.642006E-5	5.326823E-4	-1.760796E+2	3.410050E+3	1.076400E+1	1.052200E+1	0.000000E+0	
-6.000000E+3	-5.727845E-4	-4.238352E-5	5.743504E-4	-1.757681E+2	3.410050E+3	1.076400E+1	1.052100E+1	0.000000E+0	
-6.100000E+3	-6.282525E-4	-5.030678E-5	6.302634E-4	-1.754219E+2	3.410050E+3	1.076300E+1	1.051900E+1	0.000000E+0	
-6.200000E+3	-6.784285E-4	-5.731142E-5	6.808450E-4	-1.751713E+2	3.410050E+3	1.076400E+1	1.051700E+1	0.000000E+0	
-6.300000E+3	-7.396381E-4	-6.620967E-5	7.425956E-4	-1.748847E+2	3.410050E+3	1.076400E+1	1.051600E+1	0.000000E+0	
-6.400000E+3	-7.887950E-4	-7.292152E-5	7.921585E-4	-1.747182E+2	3.410050E+3	1.076400E+1	1.051700E+1	0.000000E+0	
-6.500000E+3	-8.437056E-4	-8.063503E-5	8.475501E-4	-1.745407E+2	3.410050E+3	1.076400E+1	1.051800E+1	0.000000E+0	
-6.600000E+3	-8.849413E-4	-8.623301E-5	8.891329E-4	-1.744344E+2	3.410050E+3	1.076400E+1	1.052000E+1	0.000000E+0	
-6.700000E+3	-9.204535E-4	-9.125867E-5	9.249664E-4	-1.743379E+2	3.410050E+3	1.076300E+1	1.052000E+1	0.000000E+0	
-6.800000E+3	-9.460426E-4	-9.477253E-5	9.507778E-4	-1.742793E+2	3.410050E+3	1.076300E+1	1.052200E+1	0.000000E+0	
-6.900000E+3	-9.669734E-4	-9.753485E-5	9.718800E-4	-1.742403E+2	3.410050E+3	1.076300E+1	1.052300E+1	0.000000E+0	
-7.000000E+3	-9.775206E-4	-9.902544E-5	9.825235E-4	-1.742155E+2	3.410050E+3	1.076300E+1	1.052400E+1	0.000000E+0	
-7.100000E+3	-9.833592E-4	-9.965911E-5	9.883963E-4	-1.742131E+2	3.410050E+3	1.076200E+1	1.052400E+1	0.000000E+0	
-7.200000E+3	-9.822008E-4	-9.928023E-5	9.872056E-4	-1.742282E+2	3.410050E+3	1.076300E+1	1.052200E+1	0.000000E+0	
-7.300000E+3	-9.733174E-4	-9.775680E-5	9.782143E-4	-1.742646E+2	3.410050E+3	1.076300E+1	1.052000E+1	0.000000E+0	
-7.400000E+3	-9.580337E-4	-9.564905E-5	9.627966E-4	-1.742985E+2	3.410050E+3	1.076300E+1	1.051700E+1	0.000000E+0	
-7.500000E+3	-9.303382E-4	-9.144955E-5	9.348220E-4	-1.743860E+2	3.410050E+3	1.076400E+1	1.051500E+1	0.000000E+0	
-7.600000E+3	-8.988007E-4	-8.689944E-5	9.029918E-4	-1.744776E+2	3.410050E+3	1.076400E+1	1.051400E+1	0.000000E+0	
-7.700000E+3	-8.497938E-4	-7.988913E-5	8.535408E-4	-1.746294E+2	3.410050E+3	1.076300E+1	1.051400E+1	0.000000E+0	
-7.800000E+3	-8.061458E-4	-7.403846E-5	8.095386E-4	-1.747525E+2	3.410050E+3	1.076300E+1	1.051500E+1	0.000000E+0	
-7.900000E+3	-7.571470E-4	-6.649722E-5	7.600615E-4	-1.749808E+2	3.410050E+3	1.076300E+1	1.051700E+1	0.000000E+0	
-8.000000E+3	-7.114111E-4	-6.030832E-5	7.139628E-4	-1.751545E+2	3.410050E+3	1.076300E+1	1.051900E+1	0.000000E+0	
-8.100000E+3	-6.648150E-4	-5.358451E-5	6.669710E-4	-1.753919E+2	3.410050E+3	1.076200E+1	1.052000E+1	0.000000E+0	
-8.200000E+3	-6.288566E-4	-4.853759E-5	6.307270E-4	-1.755864E+2	3.410050E+3	1.076100E+1	1.052200E+1	0.000000E+0	
-8.300000E+3	-5.957594E-4	-4.394953E-5	5.973783E-4	-1.757809E+2	3.410050E+3	1.076100E+1	1.052300E+1	0.000000E+0	
-8.400000E+3	-5.718774E-4	-4.083827E-5	5.733337E-4	-1.759154E+2	3.410050E+3	1.076200E+1	1.052300E+1	0.000000E+0	
-8.500000E+3	-5.498368E-4	-3.763691E-5	5.511234E-4	-1.760842E+2	3.410050E+3	1.076200E+1	1.052200E+1	0.000000E+0	
-8.600000E+3	-5.350039E-4	-3.548318E-5	5.361793E-4	-1.762055E+2	3.410050E+3	1.076200E+1	1.052000E+1	0.000000E+0	
-8.700000E+3	-5.207866E-4	-3.346760E-5	5.218608E-4	-1.763230E+2	3.410050E+3	1.076200E+1	1.051800E+1	0.000000E+0	
-8.800000E+3	-5.092935E-4	-3.179735E-5	5.102851E-4	-1.764274E+2	3.410050E+3	1.076300E+1	1.051600E+1	0.000000E+0	
-8.900000E+3	-4.977976E-4	-3.021806E-5	4.987139E-4	-1.765262E+2	3.410050E+3	1.076300E+1	1.051500E+1	0.000000E+0	
-9.000000E+3	-4.894338E-4	-2.913092E-5	4.903000E-4	-1.765938E+2	3.410050E+3	1.076300E+1	1.051400E+1	0.000000E+0	
-9.100000E+3	-4.815799E-4	-2.802280E-5	4.823946E-4	-1.766698E+2	3.410050E+3	1.076300E+1	1.051500E+1	0.000000E+0	
-9.200000E+3	-4.757045E-4	-2.736140E-5	4.764908E-4	-1.767081E+2	3.410050E+3	1.076200E+1	1.051700E+1	0.000000E+0	
-9.300000E+3	-4.706708E-4	-2.648378E-5	4.714153E-4	-1.767795E+2	3.410050E+3	1.076200E+1	1.051900E+1	0.000000E+0	
-9.400000E+3	-4.670552E-4	-2.614289E-5	4.677863E-4	-1.767963E+2	3.410050E+3	1.076200E+1	1.052000E+1	0.000000E+0	
-9.500000E+3	-4.635421E-4	-2.570021E-5	4.642540E-4	-1.768266E+2	3.410050E+3	1.076200E+1	1.052100E+1	0.000000E+0	
-9.600000E+3	-4.611338E-4	-2.548526E-5	4.618375E-4	-1.768367E+2	3.410050E+3	1.076200E+1	1.052100E+1	0.000000E+0	
-9.700000E+3	-4.589748E-4	-2.526537E-5	4.596697E-4	-1.768492E+2	3.410050E+3	1.076100E+1	1.052100E+1	0.000000E+0	
-9.800000E+3	-4.576563E-4	-2.504659E-5	4.583412E-4	-1.768674E+2	3.410050E+3	1.076100E+1	1.051900E+1	0.000000E+0	
-9.900000E+3	-4.561208E-4	-2.482449E-5	4.567958E-4	-1.768847E+2	3.410050E+3	1.076200E+1	1.051800E+1	0.000000E+0	
-1.000000E+4	-4.548094E-4	-2.459970E-5	4.554742E-4	-1.769040E+2	3.410050E+3	1.076200E+1	1.051700E+1	0.000000E+0	
-1.010000E+4	-4.537055E-4	-2.459567E-5	4.543717E-4	-1.768970E+2	3.410050E+3	1.076200E+1	1.051700E+1	0.000000E+0	
-1.020000E+4	-4.530471E-4	-2.437834E-5	4.537025E-4	-1.769199E+2	3.410050E+3	1.076200E+1	1.051700E+1	0.000000E+0	
-1.030000E+4	-4.522381E-4	-2.437784E-5	4.528947E-4	-1.769145E+2	3.410050E+3	1.076200E+1	1.051600E+1	0.000000E+0	
-1.040000E+4	-4.515691E-4	-2.437282E-5	4.522263E-4	-1.769105E+2	3.410050E+3	1.076200E+1	1.051600E+1	0.000000E+0	
-1.050000E+4	-4.509172E-4	-2.416238E-5	4.515641E-4	-1.769327E+2	3.410050E+3	1.076200E+1	1.051600E+1	0.000000E+0	
-1.060000E+4	-4.504827E-4	-2.415801E-5	4.511300E-4	-1.769303E+2	3.410050E+3	1.076200E+1	1.051600E+1	0.000000E+0	
-1.070000E+4	-4.498104E-4	-2.416023E-5	4.504588E-4	-1.769255E+2	3.410050E+3	1.076100E+1	1.051800E+1	0.000000E+0	
-1.080000E+4	-4.493737E-4	-2.394050E-5	4.500110E-4	-1.769504E+2	3.410050E+3	1.076200E+1	1.051900E+1	0.000000E+0	
-1.090000E+4	-4.491549E-4	-2.394463E-5	4.497927E-4	-1.769484E+2	3.410050E+3	1.076100E+1	1.051900E+1	0.000000E+0	
-1.100000E+4	-4.489279E-4	-2.394004E-5	4.495657E-4	-1.769475E+2	3.410050E+3	1.076100E+1	1.051900E+1	0.000000E+0	
