	
	Sensitivity=5 mV/nA,, Reserve=Normal,, Time Constant=100ms,, Low Pass Filter=24 dB/oct	
	Daten erstellt am: 	2018_10_04	
	***End of Header***
Stepwith 	Channel X LIA [V] 	Channel Y LIA [V] 	Amplitude LIA [V] 	Phase [°] 	Frequency [Hz] 	Temp Sensor 1 	Temp Sensor 2 	Current I [A]	Voltage over Resistance for Current [V] 
-1.000000E+2	-2.883025E-4	4.737238E-5	2.921686E-4	1.706688E+2	2.267030E+3	1.520800E+1	1.500100E+1	-4.765075E-2	-4.538167E-4
-2.000000E+2	-2.883073E-4	4.737380E-5	2.921735E-4	1.706687E+2	2.267030E+3	1.520800E+1	1.500000E+1	0.000000E+0	
-3.000000E+2	-2.880849E-4	4.737222E-5	2.919538E-4	1.706619E+2	2.267030E+3	1.521000E+1	1.500000E+1	0.000000E+0	
-4.000000E+2	-2.880816E-4	4.736964E-5	2.919501E-4	1.706623E+2	2.267030E+3	1.520800E+1	1.500000E+1	0.000000E+0	
-5.000000E+2	-2.878722E-4	4.737146E-5	2.917438E-4	1.706553E+2	2.267030E+3	1.520800E+1	1.500000E+1	0.000000E+0	
-6.000000E+2	-2.875463E-4	4.736953E-5	2.914220E-4	1.706453E+2	2.267030E+3	1.520700E+1	1.500000E+1	0.000000E+0	
-7.000000E+2	-2.874213E-4	4.737107E-5	2.912989E-4	1.706410E+2	2.267030E+3	1.520800E+1	1.500000E+1	0.000000E+0	
-8.000000E+2	-2.872003E-4	4.737015E-5	2.910806E-4	1.706341E+2	2.267030E+3	1.520900E+1	1.500000E+1	0.000000E+0	
-9.000000E+2	-2.869869E-4	4.737332E-5	2.908707E-4	1.706266E+2	2.267030E+3	1.520800E+1	1.500000E+1	0.000000E+0	
-1.000000E+3	-2.867644E-4	4.737702E-5	2.906517E-4	1.706188E+2	2.267030E+3	1.520900E+1	1.500100E+1	0.000000E+0	
-1.100000E+3	-2.863211E-4	4.756076E-5	2.902444E-4	1.705687E+2	2.267030E+3	1.520700E+1	1.500100E+1	0.000000E+0	
-1.200000E+3	-2.861771E-4	4.759565E-5	2.901080E-4	1.705573E+2	2.267030E+3	1.520600E+1	1.500100E+1	0.000000E+0	
-1.300000E+3	-2.857400E-4	4.759560E-5	2.896768E-4	1.705431E+2	2.267030E+3	1.520700E+1	1.500100E+1	0.000000E+0	
-1.400000E+3	-2.853038E-4	4.758697E-5	2.892452E-4	1.705306E+2	2.267030E+3	1.520400E+1	1.500100E+1	0.000000E+0	
-1.500000E+3	-2.846355E-4	4.759662E-5	2.885876E-4	1.705069E+2	2.267030E+3	1.520500E+1	1.500100E+1	0.000000E+0	
-1.600000E+3	-2.839803E-4	4.769548E-5	2.879577E-4	1.704660E+2	2.267030E+3	1.520500E+1	1.500100E+1	0.000000E+0	
-1.700000E+3	-2.831069E-4	4.759465E-5	2.870798E-4	1.704569E+2	2.267030E+3	1.520500E+1	1.500100E+1	0.000000E+0	
-1.800000E+3	-2.822256E-4	4.782233E-5	2.862486E-4	1.703827E+2	2.267030E+3	1.520400E+1	1.500100E+1	0.000000E+0	
-1.900000E+3	-2.809127E-4	4.785285E-5	2.849594E-4	1.703326E+2	2.267030E+3	1.520700E+1	1.500100E+1	0.000000E+0	
-2.000000E+3	-2.798035E-4	4.804253E-5	2.838980E-4	1.702573E+2	2.267030E+3	1.520500E+1	1.500100E+1	0.000000E+0	
-2.100000E+3	-2.778963E-4	4.825925E-5	2.820555E-4	1.701483E+2	2.267030E+3	1.520500E+1	1.500100E+1	0.000000E+0	
-2.200000E+3	-2.760824E-4	4.848536E-5	2.803075E-4	1.700393E+2	2.267030E+3	1.520600E+1	1.500100E+1	0.000000E+0	
-2.300000E+3	-2.730612E-4	4.869770E-5	2.773696E-4	1.698882E+2	2.267030E+3	1.520500E+1	1.500100E+1	0.000000E+0	
-2.400000E+3	-2.700489E-4	4.913280E-5	2.744821E-4	1.696884E+2	2.267030E+3	1.520700E+1	1.500100E+1	0.000000E+0	
-2.500000E+3	-2.654848E-4	4.955162E-5	2.700695E-4	1.694276E+2	2.267030E+3	1.520500E+1	1.500100E+1	0.000000E+0	
-2.600000E+3	-2.604136E-4	4.999230E-5	2.651688E-4	1.691330E+2	2.267030E+3	1.520600E+1	1.500100E+1	0.000000E+0	
-2.700000E+3	-2.523635E-4	5.087184E-5	2.574399E-4	1.686030E+2	2.267030E+3	1.520500E+1	1.500100E+1	0.000000E+0	
-2.800000E+3	-2.440432E-4	5.176152E-5	2.494721E-4	1.680250E+2	2.267030E+3	1.520600E+1	1.500100E+1	0.000000E+0	
-2.900000E+3	-2.310235E-4	5.328219E-5	2.370883E-4	1.670127E+2	2.267030E+3	1.520500E+1	1.500100E+1	0.000000E+0	
-3.000000E+3	-2.165570E-4	5.483230E-5	2.233910E-4	1.657913E+2	2.267030E+3	1.520600E+1	1.500100E+1	0.000000E+0	
-3.100000E+3	-1.962175E-4	5.670626E-5	2.042471E-4	1.638809E+2	2.267030E+3	1.520400E+1	1.500100E+1	0.000000E+0	
-3.200000E+3	-1.761680E-4	5.873314E-5	1.857007E-4	1.615620E+2	2.267030E+3	1.520400E+1	1.500100E+1	0.000000E+0	
-3.300000E+3	-1.515561E-4	6.131769E-5	1.634904E-4	1.579724E+2	2.267030E+3	1.520500E+1	1.500100E+1	0.000000E+0	
-3.400000E+3	-1.306318E-4	6.330739E-5	1.451637E-4	1.541440E+2	2.267030E+3	1.520400E+1	1.500100E+1	0.000000E+0	
-3.500000E+3	-1.077614E-4	6.573500E-5	1.262284E-4	1.486166E+2	2.267030E+3	1.520300E+1	1.500100E+1	0.000000E+0	
-3.600000E+3	-9.045715E-5	6.725775E-5	1.127213E-4	1.433680E+2	2.267030E+3	1.520300E+1	1.500100E+1	0.000000E+0	
-3.700000E+3	-7.317765E-5	6.924436E-5	1.007460E-4	1.365819E+2	2.267030E+3	1.520500E+1	1.500100E+1	0.000000E+0	
-3.800000E+3	-6.252705E-5	7.016435E-5	9.398227E-5	1.317059E+2	2.267030E+3	1.520400E+1	1.500100E+1	0.000000E+0	
-3.900000E+3	-5.395968E-5	7.090451E-5	8.910161E-5	1.272718E+2	2.267030E+3	1.520600E+1	1.500100E+1	0.000000E+0	
-4.000000E+3	-4.943430E-5	7.133504E-5	8.678962E-5	1.247215E+2	2.267030E+3	1.520500E+1	1.500100E+1	0.000000E+0	
-4.100000E+3	-4.787942E-5	7.156031E-5	8.610062E-5	1.237856E+2	2.267030E+3	1.520500E+1	1.500100E+1	0.000000E+0	
-4.200000E+3	-4.940607E-5	7.133649E-5	8.677473E-5	1.247056E+2	2.267030E+3	1.520500E+1	1.500100E+1	0.000000E+0	
-4.300000E+3	-5.466775E-5	7.068048E-5	8.935487E-5	1.277201E+2	2.267030E+3	1.520600E+1	1.500100E+1	0.000000E+0	
-4.400000E+3	-6.245763E-5	6.990081E-5	9.373942E-5	1.317814E+2	2.267030E+3	1.520400E+1	1.500100E+1	0.000000E+0	
-4.500000E+3	-7.668359E-5	6.858729E-5	1.028814E-4	1.381899E+2	2.267030E+3	1.520400E+1	1.500100E+1	0.000000E+0	
-4.600000E+3	-9.207943E-5	6.704141E-5	1.138998E-4	1.439423E+2	2.267030E+3	1.520400E+1	1.500100E+1	0.000000E+0	
-4.700000E+3	-1.136065E-4	6.462861E-5	1.307031E-4	1.503653E+2	2.267030E+3	1.520600E+1	1.500100E+1	0.000000E+0	
-4.800000E+3	-1.340712E-4	6.286025E-5	1.480760E-4	1.548801E+2	2.267030E+3	1.520400E+1	1.500100E+1	0.000000E+0	
-4.900000E+3	-1.592870E-4	6.021750E-5	1.702894E-4	1.592912E+2	2.267030E+3	1.520400E+1	1.500100E+1	0.000000E+0	
-5.000000E+3	-1.799856E-4	5.802641E-5	1.891081E-4	1.621310E+2	2.267030E+3	1.520500E+1	1.500100E+1	0.000000E+0	
-5.100000E+3	-2.029259E-4	5.592579E-5	2.104914E-4	1.645919E+2	2.267030E+3	1.520500E+1	1.500200E+1	0.000000E+0	
-5.200000E+3	-2.204178E-4	5.394107E-5	2.269221E-4	1.662487E+2	2.267030E+3	1.520600E+1	1.500100E+1	0.000000E+0	
-5.300000E+3	-2.385671E-4	5.220147E-5	2.442115E-4	1.676575E+2	2.267030E+3	1.520600E+1	1.500100E+1	0.000000E+0	
-5.400000E+3	-2.515070E-4	5.087473E-5	2.566008E-4	1.685645E+2	2.267030E+3	1.520500E+1	1.500200E+1	0.000000E+0	
-5.500000E+3	-2.654653E-4	4.936388E-5	2.700159E-4	1.694660E+2	2.267030E+3	1.520400E+1	1.500100E+1	0.000000E+0	
-5.600000E+3	-2.782350E-4	4.813417E-5	2.823679E-4	1.701851E+2	2.267030E+3	1.520400E+1	1.500100E+1	0.000000E+0	
-5.700000E+3	-2.931255E-4	4.649608E-5	2.967903E-4	1.709867E+2	2.267030E+3	1.520700E+1	1.500100E+1	0.000000E+0	
-5.800000E+3	-3.067178E-4	4.518542E-5	3.100283E-4	1.716195E+2	2.267030E+3	1.520600E+1	1.500100E+1	0.000000E+0	
-5.900000E+3	-3.252674E-4	4.320663E-5	3.281245E-4	1.724335E+2	2.267030E+3	1.520500E+1	1.500100E+1	0.000000E+0	
-6.000000E+3	-3.436602E-4	4.132700E-5	3.461362E-4	1.731428E+2	2.267030E+3	1.520500E+1	1.500100E+1	0.000000E+0	
-6.100000E+3	-3.674653E-4	3.891032E-5	3.695197E-4	1.739556E+2	2.267030E+3	1.520600E+1	1.500100E+1	0.000000E+0	
-6.200000E+3	-3.907228E-4	3.670443E-5	3.924431E-4	1.746334E+2	2.267030E+3	1.520600E+1	1.500100E+1	0.000000E+0	
-6.300000E+3	-4.173742E-4	3.428188E-5	4.187797E-4	1.753044E+2	2.267030E+3	1.520600E+1	1.500100E+1	0.000000E+0	
-6.400000E+3	-4.395541E-4	3.186628E-5	4.407077E-4	1.758535E+2	2.267030E+3	1.520400E+1	1.500100E+1	0.000000E+0	
-6.500000E+3	-4.623194E-4	2.966433E-5	4.632701E-4	1.763287E+2	2.267030E+3	1.520500E+1	1.500100E+1	0.000000E+0	
-6.600000E+3	-4.804322E-4	2.800800E-5	4.812479E-4	1.766636E+2	2.267030E+3	1.520500E+1	1.500100E+1	0.000000E+0	
-6.700000E+3	-4.968790E-4	2.645981E-5	4.975830E-4	1.769518E+2	2.267030E+3	1.520700E+1	1.500000E+1	0.000000E+0	
-6.800000E+3	-5.076934E-4	2.536820E-5	5.083268E-4	1.771394E+2	2.267030E+3	1.520400E+1	1.500100E+1	0.000000E+0	
-6.900000E+3	-5.165829E-4	2.449732E-5	5.171634E-4	1.772850E+2	2.267030E+3	1.520400E+1	1.500100E+1	0.000000E+0	
-7.000000E+3	-5.214677E-4	2.406481E-5	5.220226E-4	1.773578E+2	2.267030E+3	1.520400E+1	1.500100E+1	0.000000E+0	
-7.100000E+3	-5.239800E-4	2.393072E-5	5.245262E-4	1.773851E+2	2.267030E+3	1.520600E+1	1.500100E+1	0.000000E+0	
-7.200000E+3	-5.233270E-4	2.405445E-5	5.238796E-4	1.773683E+2	2.267030E+3	1.520500E+1	1.500100E+1	0.000000E+0	
-7.300000E+3	-5.192206E-4	2.449390E-5	5.197980E-4	1.772991E+2	2.267030E+3	1.520400E+1	1.500100E+1	0.000000E+0	
-7.400000E+3	-5.126726E-4	2.515662E-5	5.132894E-4	1.771908E+2	2.267030E+3	1.520600E+1	1.500100E+1	0.000000E+0	
-7.500000E+3	-4.997128E-4	2.646136E-5	5.004129E-4	1.769688E+2	2.267030E+3	1.520600E+1	1.500100E+1	0.000000E+0	
-7.600000E+3	-4.862506E-4	2.800459E-5	4.870564E-4	1.767038E+2	2.267030E+3	1.520400E+1	1.500100E+1	0.000000E+0	
-7.700000E+3	-4.660360E-4	2.994656E-5	4.669972E-4	1.763233E+2	2.267030E+3	1.520500E+1	1.500100E+1	0.000000E+0	
-7.800000E+3	-4.463498E-4	3.186705E-5	4.474859E-4	1.759163E+2	2.267030E+3	1.520600E+1	1.500100E+1	0.000000E+0	
-7.900000E+3	-4.235292E-4	3.428456E-5	4.249146E-4	1.753720E+2	2.267030E+3	1.520600E+1	1.500100E+1	0.000000E+0	
-8.000000E+3	-4.037392E-4	3.604763E-5	4.053453E-4	1.748979E+2	2.267030E+3	1.520600E+1	1.500100E+1	0.000000E+0	
-8.100000E+3	-3.832464E-4	3.803605E-5	3.851292E-4	1.743321E+2	2.267030E+3	1.520500E+1	1.500100E+1	0.000000E+0	
-8.200000E+3	-3.680225E-4	3.946293E-5	3.701322E-4	1.738796E+2	2.267030E+3	1.520600E+1	1.500100E+1	0.000000E+0	
-8.300000E+3	-3.531557E-4	4.088664E-5	3.555147E-4	1.733960E+2	2.267030E+3	1.520500E+1	1.500100E+1	0.000000E+0	
-8.400000E+3	-3.435633E-4	4.198055E-5	3.461186E-4	1.730335E+2	2.267030E+3	1.520700E+1	1.500100E+1	0.000000E+0	
-8.500000E+3	-3.337935E-4	4.276218E-5	3.365214E-4	1.726996E+2	2.267030E+3	1.520600E+1	1.500100E+1	0.000000E+0	
-8.600000E+3	-3.269693E-4	4.341305E-5	3.298387E-4	1.724368E+2	2.267030E+3	1.520700E+1	1.500100E+1	0.000000E+0	
-8.700000E+3	-3.205816E-4	4.407520E-5	3.235972E-4	1.721718E+2	2.267030E+3	1.520400E+1	1.500100E+1	0.000000E+0	
-8.800000E+3	-3.153276E-4	4.452837E-5	3.184561E-4	1.719622E+2	2.267030E+3	1.520600E+1	1.500100E+1	0.000000E+0	
-8.900000E+3	-3.106409E-4	4.518195E-5	3.139095E-4	1.717245E+2	2.267030E+3	1.520500E+1	1.500100E+1	0.000000E+0	
-9.000000E+3	-3.070167E-4	4.540523E-5	3.103561E-4	1.715874E+2	2.267030E+3	1.520500E+1	1.500100E+1	0.000000E+0	
-9.100000E+3	-3.033779E-4	4.584392E-5	3.068221E-4	1.714070E+2	2.267030E+3	1.520700E+1	1.500100E+1	0.000000E+0	
-9.200000E+3	-3.009384E-4	4.605373E-5	3.044419E-4	1.712993E+2	2.267030E+3	1.520500E+1	1.500100E+1	0.000000E+0	
-9.300000E+3	-2.986003E-4	4.627474E-5	3.021647E-4	1.711908E+2	2.267030E+3	1.520600E+1	1.500100E+1	0.000000E+0	
-9.400000E+3	-2.970537E-4	4.627134E-5	3.006359E-4	1.711463E+2	2.267030E+3	1.520700E+1	1.500100E+1	0.000000E+0	
-9.500000E+3	-2.955247E-4	4.649672E-5	2.991601E-4	1.710586E+2	2.267030E+3	1.520700E+1	1.500100E+1	0.000000E+0	
-9.600000E+3	-2.944151E-4	4.649494E-5	2.980638E-4	1.710258E+2	2.267030E+3	1.520700E+1	1.500100E+1	0.000000E+0	
-9.700000E+3	-2.935424E-4	4.671617E-5	2.972365E-4	1.709574E+2	2.267030E+3	1.520600E+1	1.500100E+1	0.000000E+0	
-9.800000E+3	-2.931247E-4	4.671574E-5	2.968239E-4	1.709448E+2	2.267030E+3	1.520500E+1	1.500100E+1	0.000000E+0	
-9.900000E+3	-2.922730E-4	4.671349E-5	2.959826E-4	1.709193E+2	2.267030E+3	1.520700E+1	1.500100E+1	0.000000E+0	
-1.000000E+4	-2.917102E-4	4.671459E-5	2.954269E-4	1.709019E+2	2.267030E+3	1.520600E+1	1.500100E+1	0.000000E+0	
-1.010000E+4	-2.913835E-4	4.674589E-5	2.951093E-4	1.708858E+2	2.267030E+3	1.520600E+1	1.500100E+1	0.000000E+0	
-1.020000E+4	-2.909433E-4	4.693278E-5	2.947044E-4	1.708364E+2	2.267030E+3	1.520600E+1	1.500100E+1	0.000000E+0	
-1.030000E+4	-2.905036E-4	4.692672E-5	2.942694E-4	1.708239E+2	2.267030E+3	1.520500E+1	1.500100E+1	0.000000E+0	
-1.040000E+4	-2.902811E-4	4.693081E-5	2.940503E-4	1.708162E+2	2.267030E+3	1.520600E+1	1.500100E+1	0.000000E+0	
-1.050000E+4	-2.900666E-4	4.692993E-5	2.938384E-4	1.708097E+2	2.267030E+3	1.520700E+1	1.500100E+1	0.000000E+0	
-1.060000E+4	-2.896294E-4	4.692964E-5	2.934068E-4	1.707962E+2	2.267030E+3	1.520700E+1	1.500100E+1	0.000000E+0	
-1.070000E+4	-2.896311E-4	4.693328E-5	2.934091E-4	1.707955E+2	2.267030E+3	1.520600E+1	1.500100E+1	0.000000E+0	
-1.080000E+4	-2.894089E-4	4.692980E-5	2.931892E-4	1.707892E+2	2.267030E+3	1.520600E+1	1.500100E+1	0.000000E+0	
-1.090000E+4	-2.894062E-4	4.692512E-5	2.931858E-4	1.707901E+2	2.267030E+3	1.520600E+1	1.500100E+1	0.000000E+0	
-1.100000E+4	-2.891868E-4	4.715163E-5	2.930056E-4	1.707395E+2	2.267030E+3	1.520700E+1	1.500100E+1	0.000000E+0	
