	
	Sensitivity=1 mV/nA,, Reserve=Normal,, Time Constant=100ms,, Low Pass Filter=24 dB/oct	
	Daten erstellt am: 	2018_10_04	
	***End of Header***
Stepwith 	Channel X LIA [V] 	Channel Y LIA [V] 	Amplitude LIA [V] 	Phase [°] 	Frequency [Hz] 	Temp Sensor 1 	Temp Sensor 2 	Current I [A]	Voltage over Resistance for Current [V] 
-1.000000E+2	-5.465587E-5	4.791302E-5	7.268371E-5	1.387612E+2	7.580140E+2	1.520800E+1	1.500000E+1	-4.976911E-2	-4.739915E-4
-2.000000E+2	-5.461365E-5	4.813261E-5	7.279697E-5	1.386093E+2	7.580140E+2	1.520700E+1	1.500000E+1	0.000000E+0	
-3.000000E+2	-5.460236E-5	4.812745E-5	7.278509E-5	1.386065E+2	7.580140E+2	1.520600E+1	1.500000E+1	0.000000E+0	
-4.000000E+2	-5.456766E-5	4.807237E-5	7.272264E-5	1.386210E+2	7.580140E+2	1.520800E+1	1.500000E+1	0.000000E+0	
-5.000000E+2	-5.452393E-5	4.811857E-5	7.272039E-5	1.385709E+2	7.580140E+2	1.520700E+1	1.500000E+1	0.000000E+0	
-6.000000E+2	-5.447931E-5	4.808977E-5	7.266788E-5	1.385646E+2	7.580140E+2	1.520700E+1	1.500000E+1	0.000000E+0	
-7.000000E+2	-5.443269E-5	4.817749E-5	7.269105E-5	1.384885E+2	7.580140E+2	1.520500E+1	1.500000E+1	0.000000E+0	
-8.000000E+2	-5.431792E-5	4.813326E-5	7.257580E-5	1.384546E+2	7.580140E+2	1.520600E+1	1.500000E+1	0.000000E+0	
-9.000000E+2	-5.422988E-5	4.804661E-5	7.245245E-5	1.384597E+2	7.580140E+2	1.520500E+1	1.500000E+1	0.000000E+0	
-1.000000E+3	-5.422960E-5	4.806273E-5	7.246293E-5	1.384500E+2	7.580140E+2	1.520600E+1	1.500000E+1	0.000000E+0	
-1.100000E+3	-5.405326E-5	4.813301E-5	7.237777E-5	1.383158E+2	7.580140E+2	1.520400E+1	1.500000E+1	0.000000E+0	
-1.200000E+3	-5.396533E-5	4.816623E-5	7.233425E-5	1.382498E+2	7.580140E+2	1.520700E+1	1.500100E+1	0.000000E+0	
-1.300000E+3	-5.384104E-5	4.809085E-5	7.219133E-5	1.382288E+2	7.580140E+2	1.520600E+1	1.500100E+1	0.000000E+0	
-1.400000E+3	-5.361524E-5	4.811929E-5	7.204207E-5	1.380922E+2	7.580140E+2	1.520600E+1	1.500100E+1	0.000000E+0	
-1.500000E+3	-5.339718E-5	4.808196E-5	7.185495E-5	1.379983E+2	7.580140E+2	1.520400E+1	1.500100E+1	0.000000E+0	
-1.600000E+3	-5.326275E-5	4.817729E-5	7.181902E-5	1.378700E+2	7.580140E+2	1.520500E+1	1.500100E+1	0.000000E+0	
-1.700000E+3	-5.300899E-5	4.817662E-5	7.163058E-5	1.377342E+2	7.580140E+2	1.520400E+1	1.500100E+1	0.000000E+0	
-1.800000E+3	-5.261080E-5	4.817693E-5	7.133662E-5	1.375189E+2	7.580140E+2	1.520200E+1	1.500100E+1	0.000000E+0	
-1.900000E+3	-5.217243E-5	4.817670E-5	7.101378E-5	1.372802E+2	7.580140E+2	1.520200E+1	1.500100E+1	0.000000E+0	
-2.000000E+3	-5.173931E-5	4.813412E-5	7.066717E-5	1.370673E+2	7.580140E+2	1.520300E+1	1.500100E+1	0.000000E+0	
-2.100000E+3	-5.117798E-5	4.817766E-5	7.028707E-5	1.367297E+2	7.580140E+2	1.520500E+1	1.500100E+1	0.000000E+0	
-2.200000E+3	-5.046096E-5	4.817674E-5	6.976609E-5	1.363266E+2	7.580140E+2	1.520400E+1	1.500100E+1	0.000000E+0	
-2.300000E+3	-4.948008E-5	4.828873E-5	6.913812E-5	1.356981E+2	7.580140E+2	1.520400E+1	1.500100E+1	0.000000E+0	
-2.400000E+3	-4.843453E-5	4.831371E-5	6.841139E-5	1.350715E+2	7.580140E+2	1.520400E+1	1.500200E+1	0.000000E+0	
-2.500000E+3	-4.690807E-5	4.844114E-5	6.743079E-5	1.340789E+2	7.580140E+2	1.520500E+1	1.500200E+1	0.000000E+0	
-2.600000E+3	-4.520400E-5	4.848648E-5	6.628982E-5	1.329934E+2	7.580140E+2	1.520400E+1	1.500200E+1	0.000000E+0	
-2.700000E+3	-4.248863E-5	4.861793E-5	6.456769E-5	1.311512E+2	7.580140E+2	1.520500E+1	1.500200E+1	0.000000E+0	
-2.800000E+3	-3.962581E-5	4.873993E-5	6.281549E-5	1.291113E+2	7.580140E+2	1.520200E+1	1.500200E+1	0.000000E+0	
-2.900000E+3	-3.486157E-5	4.895962E-5	6.010302E-5	1.254527E+2	7.580140E+2	1.520400E+1	1.500200E+1	0.000000E+0	
-3.000000E+3	-3.002060E-5	4.922507E-5	5.765713E-5	1.213775E+2	7.580140E+2	1.520400E+1	1.500200E+1	0.000000E+0	
-3.100000E+3	-2.296460E-5	4.948660E-5	5.455544E-5	1.148940E+2	7.580140E+2	1.520500E+1	1.500200E+1	0.000000E+0	
-3.200000E+3	-1.638109E-5	4.979553E-5	5.242075E-5	1.082095E+2	7.580140E+2	1.520200E+1	1.500200E+1	0.000000E+0	
-3.300000E+3	-7.581463E-6	5.012445E-5	5.069456E-5	9.860095E+1	7.580140E+2	1.520400E+1	1.500200E+1	0.000000E+0	
-3.400000E+3	-9.717021E-7	5.039142E-5	5.040079E-5	9.110470E+1	7.580140E+2	1.520500E+1	1.500200E+1	0.000000E+0	
-3.500000E+3	7.252294E-6	5.078543E-5	5.130064E-5	8.187296E+1	7.580140E+2	1.520500E+1	1.500200E+1	0.000000E+0	
-3.600000E+3	1.313225E-5	5.096104E-5	5.262588E-5	7.554972E+1	7.580140E+2	1.520400E+1	1.500200E+1	0.000000E+0	
-3.700000E+3	1.885486E-5	5.123959E-5	5.459854E-5	6.979768E+1	7.580140E+2	1.520500E+1	1.500100E+1	0.000000E+0	
-3.800000E+3	2.251312E-5	5.133327E-5	5.605306E-5	6.631930E+1	7.580140E+2	1.520500E+1	1.500100E+1	0.000000E+0	
-3.900000E+3	2.529756E-5	5.140390E-5	5.729160E-5	6.379667E+1	7.580140E+2	1.520500E+1	1.500000E+1	0.000000E+0	
-4.000000E+3	2.690593E-5	5.149238E-5	5.809814E-5	6.241191E+1	7.580140E+2	1.520400E+1	1.500000E+1	0.000000E+0	
-4.100000E+3	2.746363E-5	5.149160E-5	5.835782E-5	6.192626E+1	7.580140E+2	1.520400E+1	1.500000E+1	0.000000E+0	
-4.200000E+3	2.694922E-5	5.140156E-5	5.803775E-5	6.233252E+1	7.580140E+2	1.520500E+1	1.500000E+1	0.000000E+0	
-4.300000E+3	2.500795E-5	5.135715E-5	5.712228E-5	6.403660E+1	7.580140E+2	1.520400E+1	1.500000E+1	0.000000E+0	
-4.400000E+3	2.228568E-5	5.116422E-5	5.580707E-5	6.646343E+1	7.580140E+2	1.520400E+1	1.500000E+1	0.000000E+0	
-4.500000E+3	1.767250E-5	5.096029E-5	5.393763E-5	7.087398E+1	7.580140E+2	1.520400E+1	1.500000E+1	0.000000E+0	
-4.600000E+3	1.232750E-5	5.071699E-5	5.219368E-5	7.633836E+1	7.580140E+2	1.520500E+1	1.500000E+1	0.000000E+0	
-4.700000E+3	5.083472E-6	5.048109E-5	5.073640E-5	8.424967E+1	7.580140E+2	1.520400E+1	1.500000E+1	0.000000E+0	
-4.800000E+3	-2.274582E-6	5.012735E-5	5.017893E-5	9.259808E+1	7.580140E+2	1.520600E+1	1.500000E+1	0.000000E+0	
-4.900000E+3	-1.051005E-5	4.979536E-5	5.089243E-5	1.019182E+2	7.580140E+2	1.520500E+1	1.500000E+1	0.000000E+0	
-5.000000E+3	-1.777308E-5	4.952933E-5	5.262163E-5	1.097400E+2	7.580140E+2	1.520400E+1	1.500000E+1	0.000000E+0	
-5.100000E+3	-2.567271E-5	4.909351E-5	5.540090E-5	1.176066E+2	7.580140E+2	1.520400E+1	1.500000E+1	0.000000E+0	
-5.200000E+3	-3.156021E-5	4.893744E-5	5.823160E-5	1.228183E+2	7.580140E+2	1.520500E+1	1.500000E+1	0.000000E+0	
-5.300000E+3	-3.762477E-5	4.869623E-5	6.153817E-5	1.276912E+2	7.580140E+2	1.520400E+1	1.500000E+1	0.000000E+0	
-5.400000E+3	-4.230509E-5	4.848559E-5	6.434729E-5	1.311056E+2	7.580140E+2	1.520500E+1	1.500000E+1	0.000000E+0	
-5.500000E+3	-4.714596E-5	4.817701E-5	6.740746E-5	1.343803E+2	7.580140E+2	1.520400E+1	1.500000E+1	0.000000E+0	
-5.600000E+3	-5.160096E-5	4.809099E-5	7.053653E-5	1.370164E+2	7.580140E+2	1.520400E+1	1.500000E+1	0.000000E+0	
-5.700000E+3	-5.668206E-5	4.787857E-5	7.419713E-5	1.398127E+2	7.580140E+2	1.520500E+1	1.500000E+1	0.000000E+0	
-5.800000E+3	-6.123328E-5	4.773448E-5	7.764081E-5	1.420618E+2	7.580140E+2	1.520400E+1	1.500000E+1	0.000000E+0	
-5.900000E+3	-6.765140E-5	4.747596E-5	8.264792E-5	1.449398E+2	7.580140E+2	1.520300E+1	1.500000E+1	0.000000E+0	
-6.000000E+3	-7.392584E-5	4.725606E-5	8.773919E-5	1.474118E+2	7.580140E+2	1.520300E+1	1.500000E+1	0.000000E+0	
-6.100000E+3	-8.222508E-5	4.687835E-5	9.464958E-5	1.503116E+2	7.580140E+2	1.520300E+1	1.500100E+1	0.000000E+0	
-6.200000E+3	-8.980468E-5	4.657109E-5	1.011620E-4	1.525896E+2	7.580140E+2	1.520300E+1	1.500100E+1	0.000000E+0	
-6.300000E+3	-9.908534E-5	4.626658E-5	1.093549E-4	1.549704E+2	7.580140E+2	1.520400E+1	1.500100E+1	0.000000E+0	
-6.400000E+3	-1.062776E-4	4.605885E-5	1.158289E-4	1.565689E+2	7.580140E+2	1.520400E+1	1.500100E+1	0.000000E+0	
-6.500000E+3	-1.143809E-4	4.575992E-5	1.231948E-4	1.581953E+2	7.580140E+2	1.520400E+1	1.500100E+1	0.000000E+0	
-6.600000E+3	-1.202722E-4	4.547153E-5	1.285809E-4	1.592898E+2	7.580140E+2	1.520500E+1	1.500100E+1	0.000000E+0	
-6.700000E+3	-1.256269E-4	4.529521E-5	1.335432E-4	1.601731E+2	7.580140E+2	1.520400E+1	1.500200E+1	0.000000E+0	
-6.800000E+3	-1.296377E-4	4.512065E-5	1.372654E-4	1.608094E+2	7.580140E+2	1.520300E+1	1.500200E+1	0.000000E+0	
-6.900000E+3	-1.325497E-4	4.511041E-5	1.400156E-4	1.612051E+2	7.580140E+2	1.520300E+1	1.500200E+1	0.000000E+0	
-7.000000E+3	-1.342413E-4	4.503286E-5	1.415933E-4	1.614553E+2	7.580140E+2	1.520300E+1	1.500200E+1	0.000000E+0	
-7.100000E+3	-1.351156E-4	4.503358E-5	1.424228E-4	1.615669E+2	7.580140E+2	1.520300E+1	1.500100E+1	0.000000E+0	
-7.200000E+3	-1.348538E-4	4.498968E-5	1.421606E-4	1.615504E+2	7.580140E+2	1.520300E+1	1.500100E+1	0.000000E+0	
-7.300000E+3	-1.334268E-4	4.507685E-5	1.408355E-4	1.613330E+2	7.580140E+2	1.520500E+1	1.500100E+1	0.000000E+0	
-7.400000E+3	-1.311715E-4	4.516637E-5	1.387298E-4	1.609998E+2	7.580140E+2	1.520200E+1	1.500100E+1	0.000000E+0	
-7.500000E+3	-1.269555E-4	4.533926E-5	1.348085E-4	1.603470E+2	7.580140E+2	1.520400E+1	1.500100E+1	0.000000E+0	
-7.600000E+3	-1.219728E-4	4.547017E-5	1.301725E-4	1.595551E+2	7.580140E+2	1.520400E+1	1.500100E+1	0.000000E+0	
-7.700000E+3	-1.147447E-4	4.581055E-5	1.235514E-4	1.582362E+2	7.580140E+2	1.520500E+1	1.500100E+1	0.000000E+0	
-7.800000E+3	-1.084032E-4	4.606011E-5	1.177828E-4	1.569795E+2	7.580140E+2	1.520500E+1	1.500100E+1	0.000000E+0	
-7.900000E+3	-1.009035E-4	4.631032E-5	1.110232E-4	1.553469E+2	7.580140E+2	1.520400E+1	1.500100E+1	0.000000E+0	
-8.000000E+3	-9.403287E-5	4.651842E-5	1.049102E-4	1.536782E+2	7.580140E+2	1.520500E+1	1.500100E+1	0.000000E+0	
-8.100000E+3	-8.687714E-5	4.678941E-5	9.867566E-5	1.516944E+2	7.580140E+2	1.520400E+1	1.500100E+1	0.000000E+0	
-8.200000E+3	-8.195416E-5	4.698620E-5	9.446792E-5	1.501734E+2	7.580140E+2	1.520600E+1	1.500100E+1	0.000000E+0	
-8.300000E+3	-7.701798E-5	4.718680E-5	9.032366E-5	1.485053E+2	7.580140E+2	1.520500E+1	1.500100E+1	0.000000E+0	
-8.400000E+3	-7.365474E-5	4.729641E-5	8.753269E-5	1.472940E+2	7.580140E+2	1.520500E+1	1.500100E+1	0.000000E+0	
-8.500000E+3	-7.031062E-5	4.743110E-5	8.481328E-5	1.459966E+2	7.580140E+2	1.520200E+1	1.500100E+1	0.000000E+0	
-8.600000E+3	-6.790186E-5	4.743086E-5	8.282723E-5	1.450649E+2	7.580140E+2	1.520200E+1	1.500100E+1	0.000000E+0	
-8.700000E+3	-6.571899E-5	4.760874E-5	8.115157E-5	1.440793E+2	7.580140E+2	1.520400E+1	1.500100E+1	0.000000E+0	
-8.800000E+3	-6.409759E-5	4.765302E-5	7.987060E-5	1.433712E+2	7.580140E+2	1.520400E+1	1.500100E+1	0.000000E+0	
-8.900000E+3	-6.241502E-5	4.773335E-5	7.857549E-5	1.425922E+2	7.580140E+2	1.520600E+1	1.500100E+1	0.000000E+0	
-9.000000E+3	-6.123228E-5	4.782764E-5	7.769734E-5	1.420071E+2	7.580140E+2	1.520600E+1	1.500100E+1	0.000000E+0	
-9.100000E+3	-5.999399E-5	4.783117E-5	7.672744E-5	1.414358E+2	7.580140E+2	1.520600E+1	1.500100E+1	0.000000E+0	
-9.200000E+3	-5.920869E-5	4.782860E-5	7.611336E-5	1.410688E+2	7.580140E+2	1.520400E+1	1.500100E+1	0.000000E+0	
-9.300000E+3	-5.836377E-5	4.782860E-5	7.545796E-5	1.406657E+2	7.580140E+2	1.520600E+1	1.500100E+1	0.000000E+0	
-9.400000E+3	-5.779178E-5	4.788141E-5	7.505011E-5	1.403577E+2	7.580140E+2	1.520400E+1	1.500100E+1	0.000000E+0	
-9.500000E+3	-5.726467E-5	4.795716E-5	7.469359E-5	1.400550E+2	7.580140E+2	1.520500E+1	1.500000E+1	0.000000E+0	
-9.600000E+3	-5.692827E-5	4.795704E-5	7.443592E-5	1.398888E+2	7.580140E+2	1.520300E+1	1.500000E+1	0.000000E+0	
-9.700000E+3	-5.666408E-5	4.791697E-5	7.420818E-5	1.397811E+2	7.580140E+2	1.520500E+1	1.500000E+1	0.000000E+0	
-9.800000E+3	-5.635769E-5	4.783222E-5	7.391962E-5	1.396779E+2	7.580140E+2	1.520600E+1	1.500000E+1	0.000000E+0	
-9.900000E+3	-5.613747E-5	4.793119E-5	7.381609E-5	1.395087E+2	7.580140E+2	1.520300E+1	1.500000E+1	0.000000E+0	
-1.000000E+4	-5.597496E-5	4.795790E-5	7.370995E-5	1.394109E+2	7.580140E+2	1.520500E+1	1.500000E+1	0.000000E+0	
-1.010000E+4	-5.582719E-5	4.795745E-5	7.359750E-5	1.393363E+2	7.580140E+2	1.520500E+1	1.500100E+1	0.000000E+0	
-1.020000E+4	-5.566726E-5	4.791594E-5	7.344917E-5	1.392796E+2	7.580140E+2	1.520600E+1	1.500100E+1	0.000000E+0	
-1.030000E+4	-5.562338E-5	4.801676E-5	7.348176E-5	1.391977E+2	7.580140E+2	1.520400E+1	1.500100E+1	0.000000E+0	
-1.040000E+4	-5.544740E-5	4.797454E-5	7.332101E-5	1.391328E+2	7.580140E+2	1.520300E+1	1.500100E+1	0.000000E+0	
-1.050000E+4	-5.535786E-5	4.795894E-5	7.324311E-5	1.390962E+2	7.580140E+2	1.520400E+1	1.500100E+1	0.000000E+0	
-1.060000E+4	-5.531228E-5	4.795684E-5	7.320729E-5	1.390741E+2	7.580140E+2	1.520600E+1	1.500100E+1	0.000000E+0	
-1.070000E+4	-5.518248E-5	4.795705E-5	7.310940E-5	1.390073E+2	7.580140E+2	1.520500E+1	1.500100E+1	0.000000E+0	
-1.080000E+4	-5.511595E-5	4.800240E-5	7.308897E-5	1.389463E+2	7.580140E+2	1.520400E+1	1.500100E+1	0.000000E+0	
-1.090000E+4	-5.514605E-5	4.800212E-5	7.311149E-5	1.389619E+2	7.580140E+2	1.520400E+1	1.500100E+1	0.000000E+0	
-1.100000E+4	-5.505176E-5	4.795767E-5	7.301119E-5	1.389396E+2	7.580140E+2	1.520500E+1	1.500100E+1	0.000000E+0	
