	
	Sensitivity=20 mV/nA,, Reserve=Normal,, Time Constant=100ms,, Low Pass Filter=24 dB/oct	
	Daten erstellt am: 	2018_10_04	
	***End of Header***
Stepwith 	Channel X LIA [V] 	Channel Y LIA [V] 	Amplitude LIA [V] 	Phase [°] 	Frequency [Hz] 	Temp Sensor 1 	Temp Sensor 2 	Current I [A]	Voltage over Resistance for Current [V] 
-1.000000E+2	-7.923227E-4	-2.011654E-3	2.162066E-3	-1.114978E+2	2.462920E+4	2.896800E+0	3.101700E+0	-5.143278E-2	-4.898360E-4
-2.000000E+2	-7.878617E-4	-2.009014E-3	2.157976E-3	-1.114133E+2	2.462920E+4	2.972900E+0	3.104400E+0	0.000000E+0	
-3.000000E+2	-7.855641E-4	-2.005459E-3	2.153828E-3	-1.113909E+2	2.462920E+4	3.494000E+0	3.104800E+0	0.000000E+0	
-4.000000E+2	-7.802851E-4	-2.001925E-3	2.148615E-3	-1.112942E+2	2.462920E+4	3.416200E+0	3.107200E+0	0.000000E+0	
-5.000000E+2	-7.752099E-4	-1.996678E-3	2.141886E-3	-1.112187E+2	2.462920E+4	3.281100E+0	3.102000E+0	0.000000E+0	
-6.000000E+2	-7.679837E-4	-1.992256E-3	2.135154E-3	-1.110809E+2	2.462920E+4	3.880000E+0	3.098600E+0	0.000000E+0	
-7.000000E+2	-7.609605E-4	-1.987398E-3	2.128100E-3	-1.109515E+2	2.462920E+4	2.896600E+0	3.101600E+0	0.000000E+0	
-8.000000E+2	-7.532910E-4	-1.981234E-3	2.119608E-3	-1.108175E+2	2.462920E+4	3.922900E+0	3.104100E+0	0.000000E+0	
-9.000000E+2	-7.436861E-4	-1.973136E-3	2.108633E-3	-1.106517E+2	2.462920E+4	3.421600E+0	3.104900E+0	0.000000E+0	
-1.000000E+3	-7.348486E-4	-1.965413E-3	2.098297E-3	-1.105003E+2	2.462920E+4	3.374200E+0	3.104300E+0	0.000000E+0	
-1.100000E+3	-7.218967E-4	-1.955715E-3	2.084696E-3	-1.102602E+2	2.462920E+4	2.847200E+0	3.094800E+0	0.000000E+0	
-1.200000E+3	-7.062806E-4	-1.945842E-3	2.070056E-3	-1.099493E+2	2.462920E+4	3.410600E+0	3.094300E+0	0.000000E+0	
-1.300000E+3	-6.894436E-4	-1.932362E-3	2.051671E-3	-1.096358E+2	2.462920E+4	3.133000E+0	3.093000E+0	0.000000E+0	
-1.400000E+3	-6.722605E-4	-1.918316E-3	2.032700E-3	-1.093127E+2	2.462920E+4	3.379200E+0	3.097700E+0	0.000000E+0	
-1.500000E+3	-6.486279E-4	-1.898288E-3	2.006045E-3	-1.088648E+2	2.462920E+4	2.971800E+0	3.105000E+0	0.000000E+0	
-1.600000E+3	-6.285760E-4	-1.879861E-3	1.982167E-3	-1.084886E+2	2.462920E+4	3.455500E+0	3.105600E+0	0.000000E+0	
-1.700000E+3	-5.985451E-4	-1.853851E-3	1.948081E-3	-1.078935E+2	2.462920E+4	3.322900E+0	3.105200E+0	0.000000E+0	
-1.800000E+3	-5.627219E-4	-1.826566E-3	1.911282E-3	-1.071228E+2	2.462920E+4	3.106300E+0	3.107000E+0	0.000000E+0	
-1.900000E+3	-5.208840E-4	-1.788644E-3	1.862946E-3	-1.062365E+2	2.462920E+4	2.891900E+0	3.108300E+0	0.000000E+0	
-2.000000E+3	-4.758194E-4	-1.750177E-3	1.813705E-3	-1.052094E+2	2.462920E+4	3.837500E+0	3.112300E+0	0.000000E+0	
-2.100000E+3	-4.052149E-4	-1.688836E-3	1.736769E-3	-1.034923E+2	2.462920E+4	3.231000E+0	3.109400E+0	0.000000E+0	
-2.200000E+3	-3.392859E-4	-1.632257E-3	1.667147E-3	-1.017425E+2	2.462920E+4	2.964400E+0	3.104500E+0	0.000000E+0	
-2.300000E+3	-2.428605E-4	-1.543848E-3	1.562834E-3	-9.893985E+1	2.462920E+4	3.321100E+0	3.106900E+0	0.000000E+0	
-2.400000E+3	-1.375126E-4	-1.453554E-3	1.460044E-3	-9.540435E+1	2.462920E+4	2.735100E+0	3.109200E+0	0.000000E+0	
-2.500000E+3	3.165154E-5	-1.301212E-3	1.301597E-3	-8.860657E+1	2.462920E+4	2.254400E+0	3.111100E+0	0.000000E+0	
-2.600000E+3	1.950205E-4	-1.158602E-3	1.174901E-3	-8.044531E+1	2.462920E+4	2.740100E+0	3.108700E+0	0.000000E+0	
-2.700000E+3	4.667525E-4	-9.106719E-4	1.023319E-3	-6.286321E+1	2.462920E+4	3.236300E+0	3.103100E+0	0.000000E+0	
-2.800000E+3	7.603166E-4	-6.590781E-4	1.006213E-3	-4.092028E+1	2.462920E+4	3.589300E+0	3.103300E+0	0.000000E+0	
-2.900000E+3	1.271882E-3	-2.140764E-4	1.289772E-3	-9.554168E+0	2.462920E+4	2.854900E+0	3.110700E+0	0.000000E+0	
-3.000000E+3	1.763918E-3	1.994252E-4	1.775155E-3	6.450363E+0	2.462920E+4	2.911300E+0	3.111100E+0	0.000000E+0	
-3.100000E+3	2.503897E-3	8.526333E-4	2.645087E-3	1.880486E+1	2.462920E+4	3.210600E+0	3.105400E+0	0.000000E+0	
-3.200000E+3	3.158228E-3	1.399192E-3	3.454293E-3	2.389481E+1	2.462920E+4	2.860600E+0	3.108100E+0	0.000000E+0	
-3.300000E+3	4.060336E-3	2.175861E-3	4.606593E-3	2.818606E+1	2.462920E+4	3.463600E+0	3.101900E+0	0.000000E+0	
-3.400000E+3	4.901070E-3	2.841193E-3	5.665056E-3	3.010124E+1	2.462920E+4	3.337100E+0	3.103400E+0	0.000000E+0	
-3.500000E+3	5.689504E-3	3.529220E-3	6.695211E-3	3.181148E+1	2.462920E+4	3.036500E+0	3.107800E+0	0.000000E+0	
-3.600000E+3	6.309456E-3	4.031253E-3	7.487339E-3	3.257542E+1	2.462920E+4	3.023500E+0	3.114100E+0	0.000000E+0	
-3.700000E+3	6.836670E-3	4.493769E-3	8.181321E-3	3.331707E+1	2.462920E+4	3.011700E+0	3.118300E+0	0.000000E+0	
-3.800000E+3	7.243176E-3	4.819164E-3	8.699882E-3	3.363736E+1	2.462920E+4	3.334900E+0	3.114800E+0	0.000000E+0	
-3.900000E+3	7.511654E-3	5.057337E-3	9.055473E-3	3.395102E+1	2.462920E+4	3.271000E+0	3.099800E+0	0.000000E+0	
-4.000000E+3	7.735486E-3	5.229875E-3	9.337523E-3	3.406218E+1	2.462920E+4	3.108000E+0	3.096100E+0	0.000000E+0	
-4.100000E+3	7.775194E-3	5.266257E-3	9.390799E-3	3.411038E+1	2.462920E+4	3.014000E+0	3.104700E+0	0.000000E+0	
-4.200000E+3	7.714793E-3	5.209206E-3	9.308806E-3	3.402813E+1	2.462920E+4	2.879900E+0	3.104800E+0	0.000000E+0	
-4.300000E+3	7.487313E-3	5.013203E-3	9.010663E-3	3.380467E+1	2.462920E+4	3.154600E+0	3.103300E+0	0.000000E+0	
-4.400000E+3	7.205805E-3	4.770434E-3	8.641798E-3	3.350561E+1	2.462920E+4	3.406400E+0	3.101100E+0	0.000000E+0	
-4.500000E+3	6.712622E-3	4.331955E-3	7.989063E-3	3.283596E+1	2.462920E+4	3.033200E+0	3.104900E+0	0.000000E+0	
-4.600000E+3	6.162449E-3	3.866149E-3	7.274812E-3	3.210302E+1	2.462920E+4	3.369900E+0	3.114100E+0	0.000000E+0	
-4.700000E+3	5.283989E-3	3.132577E-3	6.142766E-3	3.066129E+1	2.462920E+4	2.788000E+0	3.110300E+0	0.000000E+0	
-4.800000E+3	4.605907E-3	2.547987E-3	5.263708E-3	2.895136E+1	2.462920E+4	3.578600E+0	3.111900E+0	0.000000E+0	
-4.900000E+3	3.676284E-3	1.751954E-3	4.072396E-3	2.548040E+1	2.462920E+4	3.173600E+0	3.109200E+0	0.000000E+0	
-5.000000E+3	2.951160E-3	1.149573E-3	3.167154E-3	2.128253E+1	2.462920E+4	3.348500E+0	3.106200E+0	0.000000E+0	
-5.100000E+3	2.126258E-3	4.506475E-4	2.173490E-3	1.196641E+1	2.462920E+4	2.835400E+0	3.105900E+0	0.000000E+0	
-5.200000E+3	1.526878E-3	-4.519575E-5	1.527547E-3	-1.695466E+0	2.462920E+4	3.385800E+0	3.104800E+0	0.000000E+0	
-5.300000E+3	8.910577E-4	-5.941363E-4	1.070972E-3	-3.369442E+1	2.462920E+4	2.761900E+0	3.109500E+0	0.000000E+0	
-5.400000E+3	4.120479E-4	-9.940319E-4	1.076050E-3	-6.748493E+1	2.462920E+4	2.952700E+0	3.115200E+0	0.000000E+0	
-5.500000E+3	-1.189259E-4	-1.447597E-3	1.452474E-3	-9.469653E+1	2.462920E+4	3.561500E+0	3.111000E+0	0.000000E+0	
-5.600000E+3	-4.950977E-4	-1.783690E-3	1.851127E-3	-1.055130E+2	2.462920E+4	3.014700E+0	3.103300E+0	0.000000E+0	
-5.700000E+3	-1.028014E-3	-2.245178E-3	2.469339E-3	-1.146019E+2	2.462920E+4	3.234600E+0	3.103500E+0	0.000000E+0	
-5.800000E+3	-1.457716E-3	-2.627426E-3	3.004713E-3	-1.190218E+2	2.462920E+4	2.335200E+0	3.114000E+0	0.000000E+0	
-5.900000E+3	-2.131681E-3	-3.206848E-3	3.850706E-3	-1.236131E+2	2.462920E+4	3.544200E+0	3.113200E+0	0.000000E+0	
-6.000000E+3	-2.718247E-3	-3.722180E-3	4.609067E-3	-1.261400E+2	2.462920E+4	3.186500E+0	3.108300E+0	0.000000E+0	
-6.100000E+3	-3.617221E-3	-4.489007E-3	5.765021E-3	-1.288617E+2	2.462920E+4	3.433400E+0	3.110100E+0	0.000000E+0	
-6.200000E+3	-4.405542E-3	-5.151154E-3	6.778140E-3	-1.305388E+2	2.462920E+4	3.110500E+0	3.111500E+0	0.000000E+0	
-6.300000E+3	-5.308308E-3	-5.947586E-3	7.971946E-3	-1.317494E+2	2.462920E+4	3.224400E+0	3.106100E+0	0.000000E+0	
-6.400000E+3	-6.135471E-3	-6.656714E-3	9.052947E-3	-1.326667E+2	2.462920E+4	3.282600E+0	3.107200E+0	0.000000E+0	
-6.500000E+3	-7.018304E-3	-7.383413E-3	1.018682E-2	-1.335478E+2	2.462920E+4	3.303400E+0	3.103400E+0	0.000000E+0	
-6.600000E+3	-7.673103E-3	-7.924135E-3	1.103034E-2	-1.340779E+2	2.462920E+4	3.090700E+0	3.105200E+0	0.000000E+0	
-6.700000E+3	-8.290414E-3	-8.443354E-3	1.183306E-2	-1.344764E+2	2.462920E+4	3.355900E+0	3.108100E+0	0.000000E+0	
-6.800000E+3	-8.688799E-3	-8.780054E-3	1.235251E-2	-1.347007E+2	2.462920E+4	2.945700E+0	3.106800E+0	0.000000E+0	
-6.900000E+3	-9.044591E-3	-9.080102E-3	1.281612E-2	-1.348877E+2	2.462920E+4	3.400800E+0	3.102400E+0	0.000000E+0	
-7.000000E+3	-9.238416E-3	-9.240559E-3	1.306661E-2	-1.349934E+2	2.462920E+4	3.875900E+0	3.097200E+0	0.000000E+0	
-7.100000E+3	-9.326824E-3	-9.307714E-3	1.317662E-2	-1.350588E+2	2.462920E+4	2.198400E+0	3.097300E+0	0.000000E+0	
-7.200000E+3	-9.334648E-3	-9.305391E-3	1.318051E-2	-1.350899E+2	2.462920E+4	3.165900E+0	3.101700E+0	0.000000E+0	
-7.300000E+3	-9.188194E-3	-9.163120E-3	1.297635E-2	-1.350783E+2	2.462920E+4	3.306700E+0	3.108600E+0	0.000000E+0	
-7.400000E+3	-8.992310E-3	-8.982771E-3	1.271030E-2	-1.350304E+2	2.462920E+4	3.538900E+0	3.110500E+0	0.000000E+0	
-7.500000E+3	-8.505043E-3	-8.549728E-3	1.205959E-2	-1.348499E+2	2.462920E+4	2.977800E+0	3.111100E+0	0.000000E+0	
-7.600000E+3	-8.010593E-3	-8.124882E-3	1.140979E-2	-1.345942E+2	2.462920E+4	2.997700E+0	3.104200E+0	0.000000E+0	
-7.700000E+3	-7.207172E-3	-7.452047E-3	1.036708E-2	-1.340430E+2	2.462920E+4	3.674000E+0	3.099500E+0	0.000000E+0	
-7.800000E+3	-6.576155E-3	-6.907949E-3	9.537587E-3	-1.335905E+2	2.462920E+4	3.473400E+0	3.104600E+0	0.000000E+0	
-7.900000E+3	-5.712995E-3	-6.162776E-3	8.403458E-3	-1.328310E+2	2.462920E+4	2.715500E+0	3.111100E+0	0.000000E+0	
-8.000000E+3	-4.939060E-3	-5.534399E-3	7.417809E-3	-1.317467E+2	2.462920E+4	3.023100E+0	3.110900E+0	0.000000E+0	
-8.100000E+3	-4.228359E-3	-4.911031E-3	6.480528E-3	-1.307282E+2	2.462920E+4	3.484200E+0	3.108100E+0	0.000000E+0	
-8.200000E+3	-3.681073E-3	-4.459040E-3	5.782157E-3	-1.295407E+2	2.462920E+4	1.908900E+0	3.111900E+0	0.000000E+0	
-8.300000E+3	-3.134778E-3	-4.001114E-3	5.082888E-3	-1.280779E+2	2.462920E+4	2.984200E+0	3.112600E+0	0.000000E+0	
-8.400000E+3	-2.798502E-3	-3.712187E-3	4.648865E-3	-1.270115E+2	2.462920E+4	3.022900E+0	3.113000E+0	0.000000E+0	
-8.500000E+3	-2.459768E-3	-3.416579E-3	4.209925E-3	-1.257520E+2	2.462920E+4	3.050800E+0	3.109300E+0	0.000000E+0	
-8.600000E+3	-2.235311E-3	-3.222204E-3	3.921635E-3	-1.247499E+2	2.462920E+4	2.557000E+0	3.107900E+0	0.000000E+0	
-8.700000E+3	-2.005362E-3	-3.020801E-3	3.625840E-3	-1.235782E+2	2.462920E+4	3.380800E+0	3.104300E+0	0.000000E+0	
-8.800000E+3	-1.836236E-3	-2.876482E-3	3.412610E-3	-1.225526E+2	2.462920E+4	3.351000E+0	3.104200E+0	0.000000E+0	
-8.900000E+3	-1.663054E-3	-2.723773E-3	3.191345E-3	-1.214070E+2	2.462920E+4	3.003900E+0	3.105100E+0	0.000000E+0	
-9.000000E+3	-1.526515E-3	-2.612342E-3	3.025653E-3	-1.202998E+2	2.462920E+4	2.783800E+0	3.108700E+0	0.000000E+0	
-9.100000E+3	-1.402620E-3	-2.502204E-3	2.868514E-3	-1.192730E+2	2.462920E+4	3.265800E+0	3.108200E+0	0.000000E+0	
-9.200000E+3	-1.311571E-3	-2.425501E-3	2.757403E-3	-1.184020E+2	2.462920E+4	2.955400E+0	3.105100E+0	0.000000E+0	
-9.300000E+3	-1.223596E-3	-2.350932E-3	2.650296E-3	-1.174958E+2	2.462920E+4	3.718700E+0	3.107800E+0	0.000000E+0	
-9.400000E+3	-1.165042E-3	-2.301241E-3	2.579347E-3	-1.168516E+2	2.462920E+4	3.282100E+0	3.111500E+0	0.000000E+0	
-9.500000E+3	-1.106533E-3	-2.252320E-3	2.509454E-3	-1.161642E+2	2.462920E+4	3.121600E+0	3.107300E+0	0.000000E+0	
-9.600000E+3	-1.064242E-3	-2.219971E-3	2.461886E-3	-1.156128E+2	2.462920E+4	3.311300E+0	3.100600E+0	0.000000E+0	
-9.700000E+3	-1.027191E-3	-2.188724E-3	2.417774E-3	-1.151412E+2	2.462920E+4	3.337100E+0	3.104700E+0	0.000000E+0	
-9.800000E+3	-1.000455E-3	-2.166697E-3	2.386521E-3	-1.147847E+2	2.462920E+4	3.043600E+0	3.106900E+0	0.000000E+0	
-9.900000E+3	-9.756455E-4	-2.145063E-3	2.356519E-3	-1.144576E+2	2.462920E+4	2.983800E+0	3.104800E+0	0.000000E+0	
-1.000000E+4	-9.545108E-4	-2.129292E-3	2.333447E-3	-1.141456E+2	2.462920E+4	3.485700E+0	3.103600E+0	0.000000E+0	
-1.010000E+4	-9.362313E-4	-2.112802E-3	2.310944E-3	-1.138992E+2	2.462920E+4	3.267600E+0	3.102300E+0	0.000000E+0	
-1.020000E+4	-9.206435E-4	-2.101370E-3	2.294197E-3	-1.136590E+2	2.462920E+4	3.243700E+0	3.105400E+0	0.000000E+0	
-1.030000E+4	-9.057007E-4	-2.089405E-3	2.277259E-3	-1.134354E+2	2.462920E+4	3.115300E+0	3.108900E+0	0.000000E+0	
-1.040000E+4	-8.961927E-4	-2.080714E-3	2.265509E-3	-1.133022E+2	2.462920E+4	3.356500E+0	3.104900E+0	0.000000E+0	
-1.050000E+4	-8.838774E-4	-2.071891E-3	2.252548E-3	-1.131033E+2	2.462920E+4	3.197300E+0	3.101800E+0	0.000000E+0	
-1.060000E+4	-8.750695E-4	-2.066560E-3	2.244196E-3	-1.129499E+2	2.462920E+4	2.960800E+0	3.098500E+0	0.000000E+0	
-1.070000E+4	-8.661908E-4	-2.059497E-3	2.234237E-3	-1.128108E+2	2.462920E+4	2.943000E+0	3.101800E+0	0.000000E+0	
-1.080000E+4	-8.599995E-4	-2.054248E-3	2.227001E-3	-1.127164E+2	2.462920E+4	3.548100E+0	3.104500E+0	0.000000E+0	
-1.090000E+4	-8.525122E-4	-2.048971E-3	2.219247E-3	-1.125907E+2	2.462920E+4	2.839900E+0	3.108100E+0	0.000000E+0	
-1.100000E+4	-8.480964E-4	-2.044585E-3	2.213503E-3	-1.125287E+2	2.462920E+4	2.826300E+0	3.112000E+0	0.000000E+0	
