	
	Sensitivity=20 mV/nA,, Reserve=Normal,, Time Constant=100ms,, Low Pass Filter=24 dB/oct	
	Daten erstellt am: 	2018_10_04	
	***End of Header***
Stepwith 	Channel X LIA [V] 	Channel Y LIA [V] 	Amplitude LIA [V] 	Phase [°] 	Frequency [Hz] 	Temp Sensor 1 	Temp Sensor 2 	Current I [A]	Voltage over Resistance for Current [V] 
-1.000000E+2	-1.066827E-3	-1.370217E-3	1.736552E-3	-1.279037E+2	1.705790E+4	3.397000E+0	3.091900E+0	-4.971431E-2	-4.734696E-4
-2.000000E+2	-1.063306E-3	-1.369343E-3	1.733701E-3	-1.278296E+2	1.705790E+4	2.973100E+0	3.091500E+0	0.000000E+0	
-3.000000E+2	-1.060833E-3	-1.366736E-3	1.730126E-3	-1.278179E+2	1.705790E+4	3.380700E+0	3.091000E+0	0.000000E+0	
-4.000000E+2	-1.056594E-3	-1.365010E-3	1.726165E-3	-1.277419E+2	1.705790E+4	3.667600E+0	3.093600E+0	0.000000E+0	
-5.000000E+2	-1.052883E-3	-1.362375E-3	1.721810E-3	-1.276979E+2	1.705790E+4	3.558600E+0	3.095100E+0	0.000000E+0	
-6.000000E+2	-1.048556E-3	-1.359756E-3	1.717093E-3	-1.276371E+2	1.705790E+4	3.474500E+0	3.098100E+0	0.000000E+0	
-7.000000E+2	-1.042344E-3	-1.355344E-3	1.709806E-3	-1.275625E+2	1.705790E+4	3.818000E+0	3.103400E+0	0.000000E+0	
-8.000000E+2	-1.035991E-3	-1.351830E-3	1.703150E-3	-1.274652E+2	1.705790E+4	2.769400E+0	3.106900E+0	0.000000E+0	
-9.000000E+2	-1.028580E-3	-1.346711E-3	1.694582E-3	-1.273716E+2	1.705790E+4	3.458000E+0	3.102300E+0	0.000000E+0	
-1.000000E+3	-1.019805E-3	-1.343134E-3	1.686419E-3	-1.272084E+2	1.705790E+4	2.937800E+0	3.097800E+0	0.000000E+0	
-1.100000E+3	-1.007475E-3	-1.337061E-3	1.674138E-3	-1.269980E+2	1.705790E+4	3.601300E+0	3.102300E+0	0.000000E+0	
-1.200000E+3	-9.981187E-4	-1.331325E-3	1.663932E-3	-1.268596E+2	1.705790E+4	2.741300E+0	3.105700E+0	0.000000E+0	
-1.300000E+3	-9.831643E-4	-1.323360E-3	1.648603E-3	-1.266098E+2	1.705790E+4	2.952200E+0	3.102400E+0	0.000000E+0	
-1.400000E+3	-9.685202E-4	-1.315400E-3	1.633496E-3	-1.263640E+2	1.705790E+4	3.134900E+0	3.099700E+0	0.000000E+0	
-1.500000E+3	-9.486202E-4	-1.304907E-3	1.613277E-3	-1.260158E+2	1.705790E+4	3.406700E+0	3.097100E+0	0.000000E+0	
-1.600000E+3	-9.281652E-4	-1.295161E-3	1.593403E-3	-1.256269E+2	1.705790E+4	4.110800E+0	3.096000E+0	0.000000E+0	
-1.700000E+3	-9.013595E-4	-1.279381E-3	1.565013E-3	-1.251658E+2	1.705790E+4	2.802200E+0	3.096100E+0	0.000000E+0	
-1.800000E+3	-8.715206E-4	-1.263931E-3	1.535275E-3	-1.245875E+2	1.705790E+4	3.409600E+0	3.092900E+0	0.000000E+0	
-1.900000E+3	-8.347572E-4	-1.240841E-3	1.495496E-3	-1.239301E+2	1.705790E+4	2.769600E+0	3.095200E+0	0.000000E+0	
-2.000000E+3	-7.949637E-4	-1.217782E-3	1.454290E-3	-1.231364E+2	1.705790E+4	3.346100E+0	3.102500E+0	0.000000E+0	
-2.100000E+3	-7.341628E-4	-1.180373E-3	1.390063E-3	-1.218806E+2	1.705790E+4	3.368800E+0	3.105100E+0	0.000000E+0	
-2.200000E+3	-6.779612E-4	-1.146204E-3	1.331696E-3	-1.206036E+2	1.705790E+4	3.487600E+0	3.106900E+0	0.000000E+0	
-2.300000E+3	-5.901719E-4	-1.090103E-3	1.239608E-3	-1.184307E+2	1.705790E+4	3.504000E+0	3.105600E+0	0.000000E+0	
-2.400000E+3	-4.977149E-4	-1.036137E-3	1.149478E-3	-1.156576E+2	1.705790E+4	3.407300E+0	3.108900E+0	0.000000E+0	
-2.500000E+3	-3.623101E-4	-9.465508E-4	1.013522E-3	-1.109453E+2	1.705790E+4	3.283700E+0	3.113800E+0	0.000000E+0	
-2.600000E+3	-2.081463E-4	-8.564439E-4	8.813745E-4	-1.036601E+2	1.705790E+4	3.615400E+0	3.106700E+0	0.000000E+0	
-2.700000E+3	4.305501E-5	-6.988607E-4	7.001857E-4	-8.647461E+1	1.705790E+4	2.646300E+0	3.104300E+0	0.000000E+0	
-2.800000E+3	2.988250E-4	-5.454131E-4	6.219098E-4	-6.128221E+1	1.705790E+4	3.306500E+0	3.102300E+0	0.000000E+0	
-2.900000E+3	7.241087E-4	-2.816738E-4	7.769643E-4	-2.125573E+1	1.705790E+4	3.414100E+0	3.100200E+0	0.000000E+0	
-3.000000E+3	1.150178E-3	-2.857411E-5	1.150533E-3	-1.423118E+0	1.705790E+4	3.291000E+0	3.102200E+0	0.000000E+0	
-3.100000E+3	1.793347E-3	3.705689E-4	1.831233E-3	1.167501E+1	1.705790E+4	2.831400E+0	3.099000E+0	0.000000E+0	
-3.200000E+3	2.366120E-3	7.084731E-4	2.469911E-3	1.666896E+1	1.705790E+4	3.481700E+0	3.090700E+0	0.000000E+0	
-3.300000E+3	3.172825E-3	1.188765E-3	3.388212E-3	2.053950E+1	1.705790E+4	3.453500E+0	3.098500E+0	0.000000E+0	
-3.400000E+3	3.802902E-3	1.553962E-3	4.108145E-3	2.222617E+1	1.705790E+4	3.451100E+0	3.101500E+0	0.000000E+0	
-3.500000E+3	4.480395E-3	1.977995E-3	4.897592E-3	2.382040E+1	1.705790E+4	3.524400E+0	3.099500E+0	0.000000E+0	
-3.600000E+3	5.041495E-3	2.287924E-3	5.536358E-3	2.440943E+1	1.705790E+4	3.396500E+0	3.095300E+0	0.000000E+0	
-3.700000E+3	5.570733E-3	2.602801E-3	6.148792E-3	2.504328E+1	1.705790E+4	3.411500E+0	3.094300E+0	0.000000E+0	
-3.800000E+3	5.913082E-3	2.799339E-3	6.542235E-3	2.533356E+1	1.705790E+4	3.499400E+0	3.096100E+0	0.000000E+0	
-3.900000E+3	6.142280E-3	2.942192E-3	6.810587E-3	2.559472E+1	1.705790E+4	4.732400E+0	3.101600E+0	0.000000E+0	
-4.000000E+3	6.265599E-3	3.012047E-3	6.951990E-3	2.567488E+1	1.705790E+4	3.528700E+0	3.097000E+0	0.000000E+0	
-4.100000E+3	6.281526E-3	3.024141E-3	6.971586E-3	2.570775E+1	1.705790E+4	2.624100E+0	3.099500E+0	0.000000E+0	
-4.200000E+3	6.242487E-3	2.994647E-3	6.923623E-3	2.562798E+1	1.705790E+4	4.116900E+0	3.099700E+0	0.000000E+0	
-4.300000E+3	6.048239E-3	2.876573E-3	6.697452E-3	2.543600E+1	1.705790E+4	3.506800E+0	3.096200E+0	0.000000E+0	
-4.400000E+3	5.824519E-3	2.738362E-3	6.436121E-3	2.518027E+1	1.705790E+4	3.263400E+0	3.099000E+0	0.000000E+0	
-4.500000E+3	5.385755E-3	2.468075E-3	5.924335E-3	2.462008E+1	1.705790E+4	3.623700E+0	3.101800E+0	0.000000E+0	
-4.600000E+3	4.893086E-3	2.181783E-3	5.357468E-3	2.403166E+1	1.705790E+4	3.725600E+0	3.102600E+0	0.000000E+0	
-4.700000E+3	4.219691E-3	1.767088E-3	4.574756E-3	2.272256E+1	1.705790E+4	3.364200E+0	3.105400E+0	0.000000E+0	
-4.800000E+3	3.582223E-3	1.393227E-3	3.843618E-3	2.125246E+1	1.705790E+4	3.607800E+0	3.105400E+0	0.000000E+0	
-4.900000E+3	2.756533E-3	9.053133E-4	2.901390E-3	1.818146E+1	1.705790E+4	2.768000E+0	3.100300E+0	0.000000E+0	
-5.000000E+3	2.115297E-3	5.310973E-4	2.180950E-3	1.409418E+1	1.705790E+4	3.294700E+0	3.094600E+0	0.000000E+0	
-5.100000E+3	1.459631E-3	1.256269E-4	1.465027E-3	4.919186E+0	1.705790E+4	3.615900E+0	3.095700E+0	0.000000E+0	
-5.200000E+3	9.276989E-4	-1.844526E-4	9.458584E-4	-1.124536E+1	1.705790E+4	2.763500E+0	3.101000E+0	0.000000E+0	
-5.300000E+3	3.928381E-4	-5.071645E-4	6.415120E-4	-5.223945E+1	1.705790E+4	3.630200E+0	3.103100E+0	0.000000E+0	
-5.400000E+3	-1.647464E-5	-7.477625E-4	7.479439E-4	-9.126213E+1	1.705790E+4	2.866100E+0	3.101500E+0	0.000000E+0	
-5.500000E+3	-4.702033E-4	-1.022606E-3	1.125529E-3	-1.146934E+2	1.705790E+4	4.611000E+0	3.094700E+0	0.000000E+0	
-5.600000E+3	-8.269023E-4	-1.238423E-3	1.489113E-3	-1.237313E+2	1.705790E+4	3.443700E+0	3.090200E+0	0.000000E+0	
-5.700000E+3	-1.249159E-3	-1.505970E-3	1.956615E-3	-1.296747E+2	1.705790E+4	3.433600E+0	3.089400E+0	0.000000E+0	
-5.800000E+3	-1.658372E-3	-1.751738E-3	2.412215E-3	-1.334317E+2	1.705790E+4	3.296700E+0	3.089800E+0	0.000000E+0	
-5.900000E+3	-2.184909E-3	-2.084255E-3	3.019594E-3	-1.363506E+2	1.705790E+4	3.347200E+0	3.088600E+0	0.000000E+0	
-6.000000E+3	-2.741847E-3	-2.416848E-3	3.654980E-3	-1.386049E+2	1.705790E+4	3.504000E+0	3.085500E+0	0.000000E+0	
-6.100000E+3	-3.466811E-3	-2.865377E-3	4.497684E-3	-1.404257E+2	1.705790E+4	3.533400E+0	3.092200E+0	0.000000E+0	
-6.200000E+3	-4.215954E-3	-3.291192E-3	5.348477E-3	-1.420226E+2	1.705790E+4	3.140600E+0	3.095800E+0	0.000000E+0	
-6.300000E+3	-4.997421E-3	-3.775166E-3	6.263074E-3	-1.429318E+2	1.705790E+4	3.888000E+0	3.095100E+0	0.000000E+0	
-6.400000E+3	-5.702088E-3	-4.188400E-3	7.075062E-3	-1.437013E+2	1.705790E+4	3.118000E+0	3.096000E+0	0.000000E+0	
-6.500000E+3	-6.405415E-3	-4.616890E-3	7.895886E-3	-1.442167E+2	1.705790E+4	3.536900E+0	3.095200E+0	0.000000E+0	
-6.600000E+3	-7.002813E-3	-4.955829E-3	8.579023E-3	-1.447133E+2	1.705790E+4	3.788600E+0	3.102200E+0	0.000000E+0	
-6.700000E+3	-7.482584E-3	-5.246987E-3	9.138924E-3	-1.449608E+2	1.705790E+4	3.424900E+0	3.099300E+0	0.000000E+0	
-6.800000E+3	-7.882117E-3	-5.481155E-3	9.600564E-3	-1.451856E+2	1.705790E+4	3.558600E+0	3.094700E+0	0.000000E+0	
-6.900000E+3	-8.192820E-3	-5.659557E-3	9.957554E-3	-1.453635E+2	1.705790E+4	3.353400E+0	3.095900E+0	0.000000E+0	
-7.000000E+3	-8.310861E-3	-5.724533E-3	1.009162E-2	-1.454409E+2	1.705790E+4	2.766800E+0	3.101000E+0	0.000000E+0	
-7.100000E+3	-8.365131E-3	-5.759160E-3	1.015595E-2	-1.454537E+2	1.705790E+4	3.456000E+0	3.105200E+0	0.000000E+0	
-7.200000E+3	-8.410017E-3	-5.776361E-3	1.020268E-2	-1.455170E+2	1.705790E+4	2.921300E+0	3.105600E+0	0.000000E+0	
-7.300000E+3	-8.305805E-3	-5.705072E-3	1.007642E-2	-1.455157E+2	1.705790E+4	3.288300E+0	3.099200E+0	0.000000E+0	
-7.400000E+3	-8.128340E-3	-5.586439E-3	9.862972E-3	-1.455001E+2	1.705790E+4	2.819800E+0	3.094900E+0	0.000000E+0	
-7.500000E+3	-7.700911E-3	-5.329237E-3	9.365084E-3	-1.453157E+2	1.705790E+4	3.244000E+0	3.088900E+0	0.000000E+0	
-7.600000E+3	-7.320824E-3	-5.095278E-3	8.919435E-3	-1.451622E+2	1.705790E+4	3.262200E+0	3.089200E+0	0.000000E+0	
-7.700000E+3	-6.661525E-3	-4.692495E-3	8.148338E-3	-1.448385E+2	1.705790E+4	3.444900E+0	3.090300E+0	0.000000E+0	
-7.800000E+3	-6.072537E-3	-4.342758E-3	7.465605E-3	-1.444297E+2	1.705790E+4	2.906800E+0	3.095200E+0	0.000000E+0	
-7.900000E+3	-5.335188E-3	-3.890022E-3	6.602765E-3	-1.439033E+2	1.705790E+4	3.719200E+0	3.098800E+0	0.000000E+0	
-8.000000E+3	-4.676948E-3	-3.520678E-3	5.853974E-3	-1.430286E+2	1.705790E+4	3.380900E+0	3.104100E+0	0.000000E+0	
-8.100000E+3	-4.068843E-3	-3.140395E-3	5.139802E-3	-1.423385E+2	1.705790E+4	3.626000E+0	3.104700E+0	0.000000E+0	
-8.200000E+3	-3.598056E-3	-2.862790E-3	4.597996E-3	-1.414925E+2	1.705790E+4	3.304800E+0	3.099600E+0	0.000000E+0	
-8.300000E+3	-3.111182E-3	-2.578388E-3	4.040735E-3	-1.403498E+2	1.705790E+4	3.513600E+0	3.104300E+0	0.000000E+0	
-8.400000E+3	-2.819866E-3	-2.398499E-3	3.701951E-3	-1.396164E+2	1.705790E+4	3.455600E+0	3.109200E+0	0.000000E+0	
-8.500000E+3	-2.502537E-3	-2.209874E-3	3.338598E-3	-1.385538E+2	1.705790E+4	3.366300E+0	3.102200E+0	0.000000E+0	
-8.600000E+3	-2.320699E-3	-2.098375E-3	3.128710E-3	-1.378801E+2	1.705790E+4	3.288900E+0	3.095800E+0	0.000000E+0	
-8.700000E+3	-2.104555E-3	-1.969779E-3	2.882565E-3	-1.368946E+2	1.705790E+4	3.151900E+0	3.097100E+0	0.000000E+0	
-8.800000E+3	-1.960944E-3	-1.881984E-3	2.717934E-3	-1.361771E+2	1.705790E+4	3.336700E+0	3.101600E+0	0.000000E+0	
-8.900000E+3	-1.814573E-3	-1.791978E-3	2.550267E-3	-1.353590E+2	1.705790E+4	3.446600E+0	3.093700E+0	0.000000E+0	
-9.000000E+3	-1.701026E-3	-1.727498E-3	2.424405E-3	-1.345576E+2	1.705790E+4	3.720400E+0	3.091900E+0	0.000000E+0	
-9.100000E+3	-1.592683E-3	-1.661403E-3	2.301500E-3	-1.337902E+2	1.705790E+4	2.579700E+0	3.095300E+0	0.000000E+0	
-9.200000E+3	-1.505032E-3	-1.611576E-3	2.205062E-3	-1.330421E+2	1.705790E+4	3.431700E+0	3.104100E+0	0.000000E+0	
-9.300000E+3	-1.433205E-3	-1.566332E-3	2.123081E-3	-1.324587E+2	1.705790E+4	3.619500E+0	3.108400E+0	0.000000E+0	
-9.400000E+3	-1.380428E-3	-1.535261E-3	2.064608E-3	-1.319602E+2	1.705790E+4	3.631400E+0	3.105900E+0	0.000000E+0	
-9.500000E+3	-1.331624E-3	-1.507783E-3	2.011624E-3	-1.314499E+2	1.705790E+4	3.242000E+0	3.098800E+0	0.000000E+0	
-9.600000E+3	-1.299467E-3	-1.490231E-3	1.977221E-3	-1.310881E+2	1.705790E+4	3.425000E+0	3.099000E+0	0.000000E+0	
-9.700000E+3	-1.265882E-3	-1.471307E-3	1.940928E-3	-1.307080E+2	1.705790E+4	3.298400E+0	3.101200E+0	0.000000E+0	
-9.800000E+3	-1.242824E-3	-1.458009E-3	1.915829E-3	-1.304447E+2	1.705790E+4	3.705700E+0	3.102600E+0	0.000000E+0	
-9.900000E+3	-1.217833E-3	-1.444283E-3	1.889199E-3	-1.301379E+2	1.705790E+4	2.791600E+0	3.103200E+0	0.000000E+0	
-1.000000E+4	-1.201842E-3	-1.434568E-3	1.871473E-3	-1.299554E+2	1.705790E+4	3.546500E+0	3.101900E+0	0.000000E+0	
-1.010000E+4	-1.184741E-3	-1.426131E-3	1.854039E-3	-1.297177E+2	1.705790E+4	4.753500E+0	3.100700E+0	0.000000E+0	
-1.020000E+4	-1.173186E-3	-1.419167E-3	1.841304E-3	-1.295796E+2	1.705790E+4	3.357900E+0	3.096700E+0	0.000000E+0	
-1.030000E+4	-1.160986E-3	-1.412980E-3	1.828770E-3	-1.294085E+2	1.705790E+4	3.338000E+0	3.087300E+0	0.000000E+0	
-1.040000E+4	-1.150422E-3	-1.408599E-3	1.818687E-3	-1.292390E+2	1.705790E+4	3.539900E+0	3.097600E+0	0.000000E+0	
-1.050000E+4	-1.141959E-3	-1.403269E-3	1.809208E-3	-1.291382E+2	1.705790E+4	3.326800E+0	3.096600E+0	0.000000E+0	
-1.060000E+4	-1.134012E-3	-1.399713E-3	1.801438E-3	-1.290135E+2	1.705790E+4	3.753600E+0	3.099100E+0	0.000000E+0	
-1.070000E+4	-1.126964E-3	-1.395315E-3	1.793586E-3	-1.289270E+2	1.705790E+4	2.698000E+0	3.100700E+0	0.000000E+0	
-1.080000E+4	-1.121675E-3	-1.392746E-3	1.788266E-3	-1.288469E+2	1.705790E+4	3.261100E+0	3.101500E+0	0.000000E+0	
-1.090000E+4	-1.115793E-3	-1.389264E-3	1.781867E-3	-1.287698E+2	1.705790E+4	3.422300E+0	3.098300E+0	0.000000E+0	
-1.100000E+4	-1.111366E-3	-1.387516E-3	1.777733E-3	-1.286938E+2	1.705790E+4	3.286600E+0	3.100200E+0	0.000000E+0	
