	
	Sensitivity=20 mV/nA,, Reserve=Normal,, Time Constant=100ms,, Low Pass Filter=24 dB/oct	
	Daten erstellt am: 	2018_10_05	
	***End of Header***
Stepwith 	Channel X LIA [V] 	Channel Y LIA [V] 	Amplitude LIA [V] 	Phase [°] 	Frequency [Hz] 	Temp Sensor 1 	Temp Sensor 2 	Current I [A]	Voltage over Resistance for Current [V] 
-1.000000E+2	-1.091671E-3	-1.366470E-3	1.748996E-3	-1.286213E+2	2.063610E+4	4.321400E+1	5.000000E+1	-4.861106E-2	-4.629625E-4
-2.000000E+2	-1.091669E-3	-1.366464E-3	1.748990E-3	-1.286214E+2	2.063610E+4	4.321100E+1	5.000000E+1	0.000000E+0	
-3.000000E+2	-1.090811E-3	-1.365593E-3	1.747774E-3	-1.286172E+2	2.063610E+4	4.320400E+1	5.000000E+1	0.000000E+0	
-4.000000E+2	-1.090810E-3	-1.365589E-3	1.747770E-3	-1.286173E+2	2.063610E+4	4.320200E+1	5.000000E+1	0.000000E+0	
-5.000000E+2	-1.090814E-3	-1.365597E-3	1.747779E-3	-1.286172E+2	2.063610E+4	4.320300E+1	4.999900E+1	0.000000E+0	
-6.000000E+2	-1.089921E-3	-1.364788E-3	1.746589E-3	-1.286109E+2	2.063610E+4	4.320400E+1	5.000000E+1	0.000000E+0	
-7.000000E+2	-1.089897E-3	-1.364763E-3	1.746555E-3	-1.286108E+2	2.063610E+4	4.320600E+1	5.000000E+1	0.000000E+0	
-8.000000E+2	-1.089348E-3	-1.363949E-3	1.745576E-3	-1.286134E+2	2.063610E+4	4.320800E+1	5.000000E+1	0.000000E+0	
-9.000000E+2	-1.089357E-3	-1.364777E-3	1.746229E-3	-1.285966E+2	2.063610E+4	4.321200E+1	5.000000E+1	0.000000E+0	
-1.000000E+3	-1.088447E-3	-1.363871E-3	1.744953E-3	-1.285919E+2	2.063610E+4	4.320100E+1	5.000000E+1	0.000000E+0	
-1.100000E+3	-1.088467E-3	-1.362975E-3	1.744265E-3	-1.286107E+2	2.063610E+4	4.321300E+1	5.000000E+1	0.000000E+0	
-1.200000E+3	-1.087586E-3	-1.362997E-3	1.743733E-3	-1.285877E+2	2.063610E+4	4.320900E+1	5.000100E+1	0.000000E+0	
-1.300000E+3	-1.087594E-3	-1.362989E-3	1.743732E-3	-1.285880E+2	2.063610E+4	4.321300E+1	5.000100E+1	0.000000E+0	
-1.400000E+3	-1.086555E-3	-1.362123E-3	1.742406E-3	-1.285791E+2	2.063610E+4	4.321300E+1	5.000100E+1	0.000000E+0	
-1.500000E+3	-1.084931E-3	-1.361265E-3	1.740723E-3	-1.285549E+2	2.063610E+4	4.320600E+1	5.000000E+1	0.000000E+0	
-1.600000E+3	-1.084061E-3	-1.360389E-3	1.739496E-3	-1.285505E+2	2.063610E+4	4.320400E+1	4.999900E+1	0.000000E+0	
-1.700000E+3	-1.082492E-3	-1.359496E-3	1.737819E-3	-1.285284E+2	2.063610E+4	4.320400E+1	5.000000E+1	0.000000E+0	
-1.800000E+3	-1.081399E-3	-1.358622E-3	1.736456E-3	-1.285181E+2	2.063610E+4	4.320700E+1	4.999900E+1	0.000000E+0	
-1.900000E+3	-1.078793E-3	-1.356822E-3	1.733424E-3	-1.284878E+2	2.063610E+4	4.320300E+1	5.000000E+1	0.000000E+0	
-2.000000E+3	-1.077026E-3	-1.355064E-3	1.730949E-3	-1.284782E+2	2.063610E+4	4.320500E+1	4.999900E+1	0.000000E+0	
-2.100000E+3	-1.074376E-3	-1.353306E-3	1.727924E-3	-1.284457E+2	2.063610E+4	4.320700E+1	5.000000E+1	0.000000E+0	
-2.200000E+3	-1.070025E-3	-1.350802E-3	1.723258E-3	-1.283842E+2	2.063610E+4	4.320400E+1	5.000000E+1	0.000000E+0	
-2.300000E+3	-1.065572E-3	-1.347298E-3	1.717747E-3	-1.283403E+2	2.063610E+4	4.320200E+1	5.000000E+1	0.000000E+0	
-2.400000E+3	-1.060206E-3	-1.341971E-3	1.710241E-3	-1.283100E+2	2.063610E+4	4.321200E+1	5.000100E+1	0.000000E+0	
-2.500000E+3	-1.053454E-3	-1.336757E-3	1.701965E-3	-1.282405E+2	2.063610E+4	4.320800E+1	5.000000E+1	0.000000E+0	
-2.600000E+3	-1.042001E-3	-1.327957E-3	1.687968E-3	-1.281200E+2	2.063610E+4	4.320600E+1	5.000100E+1	0.000000E+0	
-2.700000E+3	-1.029998E-3	-1.320425E-3	1.674640E-3	-1.279560E+2	2.063610E+4	4.321000E+1	5.000100E+1	0.000000E+0	
-2.800000E+3	-1.013325E-3	-1.307265E-3	1.654016E-3	-1.277810E+2	2.063610E+4	4.321300E+1	5.000000E+1	0.000000E+0	
-2.900000E+3	-9.934064E-4	-1.293129E-3	1.630656E-3	-1.275322E+2	2.063610E+4	4.320000E+1	5.000100E+1	0.000000E+0	
-3.000000E+3	-9.659399E-4	-1.272045E-3	1.597229E-3	-1.272116E+2	2.063610E+4	4.321100E+1	5.000100E+1	0.000000E+0	
-3.100000E+3	-9.397677E-4	-1.253130E-3	1.566365E-3	-1.268676E+2	2.063610E+4	4.320900E+1	4.999900E+1	0.000000E+0	
-3.200000E+3	-9.027150E-4	-1.226415E-3	1.522823E-3	-1.263553E+2	2.063610E+4	4.321100E+1	4.999900E+1	0.000000E+0	
-3.300000E+3	-8.746838E-4	-1.206934E-3	1.490557E-3	-1.259314E+2	2.063610E+4	4.322400E+1	5.000000E+1	0.000000E+0	
-3.400000E+3	-8.422329E-4	-1.183348E-3	1.452470E-3	-1.254409E+2	2.063610E+4	4.322100E+1	5.000000E+1	0.000000E+0	
-3.500000E+3	-8.205907E-4	-1.166682E-3	1.426365E-3	-1.251208E+2	2.063610E+4	4.321100E+1	5.000000E+1	0.000000E+0	
-3.600000E+3	-7.971730E-4	-1.149640E-3	1.398984E-3	-1.247379E+2	2.063610E+4	4.321000E+1	5.000000E+1	0.000000E+0	
-3.700000E+3	-7.807522E-4	-1.138952E-3	1.380864E-3	-1.244307E+2	2.063610E+4	4.321300E+1	4.999900E+1	0.000000E+0	
-3.800000E+3	-7.684471E-4	-1.130126E-3	1.366637E-3	-1.242144E+2	2.063610E+4	4.321300E+1	4.999900E+1	0.000000E+0	
-3.900000E+3	-7.613811E-4	-1.124949E-3	1.358386E-3	-1.240907E+2	2.063610E+4	4.321100E+1	4.999900E+1	0.000000E+0	
-4.000000E+3	-7.596383E-4	-1.123198E-3	1.355958E-3	-1.240712E+2	2.063610E+4	4.320800E+1	4.999900E+1	0.000000E+0	
-4.100000E+3	-7.613832E-4	-1.124968E-3	1.358402E-3	-1.240903E+2	2.063610E+4	4.321500E+1	4.999800E+1	0.000000E+0	
-4.200000E+3	-7.684266E-4	-1.130143E-3	1.366639E-3	-1.242133E+2	2.063610E+4	4.320400E+1	5.000000E+1	0.000000E+0	
-4.300000E+3	-7.807375E-4	-1.138947E-3	1.380852E-3	-1.244303E+2	2.063610E+4	4.321100E+1	5.000000E+1	0.000000E+0	
-4.400000E+3	-7.975569E-4	-1.152100E-3	1.401225E-3	-1.246934E+2	2.063610E+4	4.321900E+1	5.000000E+1	0.000000E+0	
-4.500000E+3	-8.201015E-4	-1.167889E-3	1.427071E-3	-1.250769E+2	2.063610E+4	4.320900E+1	4.999900E+1	0.000000E+0	
-4.600000E+3	-8.494502E-4	-1.189533E-3	1.461696E-3	-1.255308E+2	2.063610E+4	4.321400E+1	5.000000E+1	0.000000E+0	
-4.700000E+3	-8.758000E-4	-1.208863E-3	1.492774E-3	-1.259227E+2	2.063610E+4	4.320500E+1	5.000100E+1	0.000000E+0	
-4.800000E+3	-9.107177E-4	-1.234045E-3	1.533713E-3	-1.264271E+2	2.063610E+4	4.321200E+1	5.000100E+1	0.000000E+0	
-4.900000E+3	-9.395462E-4	-1.254846E-3	1.567605E-3	-1.268235E+2	2.063610E+4	4.320000E+1	5.000000E+1	0.000000E+0	
-5.000000E+3	-9.725120E-4	-1.279101E-3	1.606823E-3	-1.272460E+2	2.063610E+4	4.321600E+1	5.000000E+1	0.000000E+0	
-5.100000E+3	-9.953217E-4	-1.295776E-3	1.633922E-3	-1.275289E+2	2.063610E+4	4.321900E+1	5.000000E+1	0.000000E+0	
-5.200000E+3	-1.019408E-3	-1.312495E-3	1.661877E-3	-1.278363E+2	2.063610E+4	4.321200E+1	5.000100E+1	0.000000E+0	
-5.300000E+3	-1.038359E-3	-1.326195E-3	1.684335E-3	-1.280596E+2	2.063610E+4	4.321200E+1	5.000100E+1	0.000000E+0	
-5.400000E+3	-1.060203E-3	-1.341966E-3	1.710235E-3	-1.283101E+2	2.063610E+4	4.320500E+1	5.000100E+1	0.000000E+0	
-5.500000E+3	-1.076093E-3	-1.354195E-3	1.729688E-3	-1.284719E+2	2.063610E+4	4.320300E+1	5.000000E+1	0.000000E+0	
-5.600000E+3	-1.096098E-3	-1.369364E-3	1.754021E-3	-1.286753E+2	2.063610E+4	4.320600E+1	5.000100E+1	0.000000E+0	
-5.700000E+3	-1.115431E-3	-1.383668E-3	1.777279E-3	-1.288737E+2	2.063610E+4	4.320500E+1	5.000100E+1	0.000000E+0	
-5.800000E+3	-1.141883E-3	-1.403390E-3	1.809254E-3	-1.291339E+2	2.063610E+4	4.320800E+1	5.000100E+1	0.000000E+0	
-5.900000E+3	-1.167175E-3	-1.421465E-3	1.839255E-3	-1.293897E+2	2.063610E+4	4.320500E+1	5.000000E+1	0.000000E+0	
-6.000000E+3	-1.197735E-3	-1.444852E-3	1.876743E-3	-1.296576E+2	2.063610E+4	4.321100E+1	4.999900E+1	0.000000E+0	
-6.100000E+3	-1.229850E-3	-1.467468E-3	1.914679E-3	-1.299656E+2	2.063610E+4	4.321100E+1	5.000000E+1	0.000000E+0	
-6.200000E+3	-1.267072E-3	-1.495207E-3	1.959876E-3	-1.302787E+2	2.063610E+4	4.321000E+1	5.000000E+1	0.000000E+0	
-6.300000E+3	-1.297422E-3	-1.517183E-3	1.996284E-3	-1.305355E+2	2.063610E+4	4.321300E+1	5.000100E+1	0.000000E+0	
-6.400000E+3	-1.328443E-3	-1.540107E-3	2.033885E-3	-1.307799E+2	2.063610E+4	4.321000E+1	5.000100E+1	0.000000E+0	
-6.500000E+3	-1.355392E-3	-1.558783E-3	2.065645E-3	-1.310076E+2	2.063610E+4	4.321200E+1	5.000100E+1	0.000000E+0	
-6.600000E+3	-1.378302E-3	-1.575380E-3	2.093212E-3	-1.311827E+2	2.063610E+4	4.320800E+1	5.000000E+1	0.000000E+0	
-6.700000E+3	-1.392356E-3	-1.585338E-3	2.109965E-3	-1.312919E+2	2.063610E+4	4.320700E+1	5.000100E+1	0.000000E+0	
-6.800000E+3	-1.404467E-3	-1.594984E-3	2.125206E-3	-1.313656E+2	2.063610E+4	4.321000E+1	5.000000E+1	0.000000E+0	
-6.900000E+3	-1.411514E-3	-1.599375E-3	2.133161E-3	-1.314297E+2	2.063610E+4	4.320800E+1	5.000100E+1	0.000000E+0	
-7.000000E+3	-1.415935E-3	-1.602513E-3	2.138439E-3	-1.314629E+2	2.063610E+4	4.321200E+1	5.000100E+1	0.000000E+0	
-7.100000E+3	-1.415944E-3	-1.601628E-3	2.137781E-3	-1.314788E+2	2.063610E+4	4.321500E+1	5.000100E+1	0.000000E+0	
-7.200000E+3	-1.409785E-3	-1.596752E-3	2.130050E-3	-1.314415E+2	2.063610E+4	4.320900E+1	5.000000E+1	0.000000E+0	
-7.300000E+3	-1.400112E-3	-1.590549E-3	2.119000E-3	-1.313565E+2	2.063610E+4	4.321300E+1	5.000000E+1	0.000000E+0	
-7.400000E+3	-1.382669E-3	-1.576520E-3	2.096947E-3	-1.312520E+2	2.063610E+4	4.321500E+1	5.000000E+1	0.000000E+0	
-7.500000E+3	-1.364845E-3	-1.562710E-3	2.074817E-3	-1.311334E+2	2.063610E+4	4.321800E+1	5.000100E+1	0.000000E+0	
-7.600000E+3	-1.335783E-3	-1.541844E-3	2.040000E-3	-1.309042E+2	2.063610E+4	4.321500E+1	5.000100E+1	0.000000E+0	
-7.700000E+3	-1.309558E-3	-1.522212E-3	2.008002E-3	-1.307054E+2	2.063610E+4	4.321700E+1	5.000100E+1	0.000000E+0	
-7.800000E+3	-1.278263E-3	-1.498778E-3	1.969845E-3	-1.304599E+2	2.063610E+4	4.321000E+1	5.000000E+1	0.000000E+0	
-7.900000E+3	-1.252783E-3	-1.480644E-3	1.939529E-3	-1.302348E+2	2.063610E+4	4.320900E+1	5.000000E+1	0.000000E+0	
-8.000000E+3	-1.224059E-3	-1.459778E-3	1.905065E-3	-1.299807E+2	2.063610E+4	4.320800E+1	5.000000E+1	0.000000E+0	
-8.100000E+3	-1.200313E-3	-1.443128E-3	1.877064E-3	-1.297518E+2	2.063610E+4	4.320600E+1	5.000000E+1	0.000000E+0	
-8.200000E+3	-1.181192E-3	-1.429422E-3	1.854309E-3	-1.295684E+2	2.063610E+4	4.320300E+1	5.000100E+1	0.000000E+0	
-8.300000E+3	-1.168516E-3	-1.419763E-3	1.838792E-3	-1.294556E+2	2.063610E+4	4.321300E+1	4.999900E+1	0.000000E+0	
-8.400000E+3	-1.154444E-3	-1.410051E-3	1.822356E-3	-1.293080E+2	2.063610E+4	4.321100E+1	4.999900E+1	0.000000E+0	
-8.500000E+3	-1.145643E-3	-1.403886E-3	1.812014E-3	-1.292162E+2	2.063610E+4	4.320700E+1	5.000000E+1	0.000000E+0	
-8.600000E+3	-1.137129E-3	-1.396811E-3	1.801151E-3	-1.291487E+2	2.063610E+4	4.321600E+1	5.000000E+1	0.000000E+0	
-8.700000E+3	-1.130116E-3	-1.392479E-3	1.793366E-3	-1.290623E+2	2.063610E+4	4.320800E+1	5.000200E+1	0.000000E+0	
-8.800000E+3	-1.122745E-3	-1.387191E-3	1.784616E-3	-1.289855E+2	2.063610E+4	4.321100E+1	5.000200E+1	0.000000E+0	
-8.900000E+3	-1.117484E-3	-1.382812E-3	1.777903E-3	-1.289425E+2	2.063610E+4	4.321400E+1	5.000000E+1	0.000000E+0	
-9.000000E+3	-1.112794E-3	-1.379269E-3	1.772200E-3	-1.288966E+2	2.063610E+4	4.320900E+1	5.000000E+1	0.000000E+0	
-9.100000E+3	-1.109254E-3	-1.377051E-3	1.768251E-3	-1.288524E+2	2.063610E+4	4.321700E+1	5.000100E+1	0.000000E+0	
-9.200000E+3	-1.105730E-3	-1.375299E-3	1.764677E-3	-1.287990E+2	2.063610E+4	4.320700E+1	5.000000E+1	0.000000E+0	
-9.300000E+3	-1.103127E-3	-1.373526E-3	1.761665E-3	-1.287692E+2	2.063610E+4	4.321900E+1	5.000000E+1	0.000000E+0	
-9.400000E+3	-1.101369E-3	-1.371726E-3	1.759160E-3	-1.287612E+2	2.063610E+4	4.320900E+1	5.000100E+1	0.000000E+0	
-9.500000E+3	-1.099618E-3	-1.369961E-3	1.756688E-3	-1.287527E+2	2.063610E+4	4.321500E+1	5.000000E+1	0.000000E+0	
-9.600000E+3	-1.098692E-3	-1.369959E-3	1.756107E-3	-1.287292E+2	2.063610E+4	4.320800E+1	5.000000E+1	0.000000E+0	
-9.700000E+3	-1.096931E-3	-1.369085E-3	1.754324E-3	-1.287022E+2	2.063610E+4	4.320600E+1	5.000100E+1	0.000000E+0	
-9.800000E+3	-1.096071E-3	-1.368207E-3	1.753100E-3	-1.286982E+2	2.063610E+4	4.320200E+1	4.999900E+1	0.000000E+0	
-9.900000E+3	-1.096096E-3	-1.368229E-3	1.753133E-3	-1.286984E+2	2.063610E+4	4.320900E+1	5.000000E+1	0.000000E+0	
-1.000000E+4	-1.095180E-3	-1.367324E-3	1.751854E-3	-1.286935E+2	2.063610E+4	4.321100E+1	5.000000E+1	0.000000E+0	
-1.010000E+4	-1.094319E-3	-1.366459E-3	1.750641E-3	-1.286893E+2	2.063610E+4	4.321300E+1	5.000000E+1	0.000000E+0	
-1.020000E+4	-1.094311E-3	-1.366468E-3	1.750643E-3	-1.286889E+2	2.063610E+4	4.320700E+1	5.000000E+1	0.000000E+0	
-1.030000E+4	-1.093423E-3	-1.366463E-3	1.750084E-3	-1.286663E+2	2.063610E+4	4.321200E+1	5.000100E+1	0.000000E+0	
-1.040000E+4	-1.094325E-3	-1.366464E-3	1.750649E-3	-1.286893E+2	2.063610E+4	4.321100E+1	4.999900E+1	0.000000E+0	
-1.050000E+4	-1.093409E-3	-1.365580E-3	1.749386E-3	-1.286840E+2	2.063610E+4	4.320400E+1	5.000000E+1	0.000000E+0	
-1.060000E+4	-1.093392E-3	-1.365592E-3	1.749385E-3	-1.286833E+2	2.063610E+4	4.321500E+1	5.000000E+1	0.000000E+0	
-1.070000E+4	-1.092561E-3	-1.366474E-3	1.749555E-3	-1.286440E+2	2.063610E+4	4.320300E+1	5.000000E+1	0.000000E+0	
-1.080000E+4	-1.092565E-3	-1.365568E-3	1.748849E-3	-1.286627E+2	2.063610E+4	4.321600E+1	5.000100E+1	0.000000E+0	
-1.090000E+4	-1.092568E-3	-1.365594E-3	1.748872E-3	-1.286622E+2	2.063610E+4	4.321300E+1	4.999900E+1	0.000000E+0	
-1.100000E+4	-1.092566E-3	-1.365591E-3	1.748868E-3	-1.286622E+2	2.063610E+4	4.322700E+1	5.000000E+1	0.000000E+0	
