	
	Sensitivity=50 mV/nA,, Reserve=Normal,, Time Constant=100ms,, Low Pass Filter=24 dB/oct	
	Daten erstellt am: 	2018_10_04	
	***End of Header***
Stepwith 	Channel X LIA [V] 	Channel Y LIA [V] 	Amplitude LIA [V] 	Phase [°] 	Frequency [Hz] 	Temp Sensor 1 	Temp Sensor 2 	Current I [A]	Voltage over Resistance for Current [V] 
-1.000000E+2	1.496789E-3	-2.489159E-3	2.904529E-3	-5.898054E+1	5.813600E+4	1.985900E+1	2.000000E+1	-4.662703E-2	-4.440670E-4
-2.000000E+2	1.498946E-3	-2.486957E-3	2.903756E-3	-5.892166E+1	5.813600E+4	1.985800E+1	2.000000E+1	0.000000E+0	
-3.000000E+2	1.498993E-3	-2.486919E-3	2.903747E-3	-5.892048E+1	5.813600E+4	1.985800E+1	2.000000E+1	0.000000E+0	
-4.000000E+2	1.498918E-3	-2.484799E-3	2.901892E-3	-5.890015E+1	5.813600E+4	1.985900E+1	2.000000E+1	0.000000E+0	
-5.000000E+2	1.498930E-3	-2.482586E-3	2.900004E-3	-5.887736E+1	5.813600E+4	1.986200E+1	2.000100E+1	0.000000E+0	
-6.000000E+2	1.498894E-3	-2.482611E-3	2.900007E-3	-5.887821E+1	5.813600E+4	1.985900E+1	2.000100E+1	0.000000E+0	
-7.000000E+2	1.501159E-3	-2.478142E-3	2.897355E-3	-5.879420E+1	5.813600E+4	1.985800E+1	2.000100E+1	0.000000E+0	
-8.000000E+2	1.501266E-3	-2.478227E-3	2.897483E-3	-5.879325E+1	5.813600E+4	1.985600E+1	2.000100E+1	0.000000E+0	
-9.000000E+2	1.501197E-3	-2.476935E-3	2.896343E-3	-5.878119E+1	5.813600E+4	1.985600E+1	2.000100E+1	0.000000E+0	
-1.000000E+3	1.503308E-3	-2.474751E-3	2.895570E-3	-5.872306E+1	5.813600E+4	1.985700E+1	2.000100E+1	0.000000E+0	
-1.100000E+3	1.505591E-3	-2.470376E-3	2.893019E-3	-5.863944E+1	5.813600E+4	1.985700E+1	2.000100E+1	0.000000E+0	
-1.200000E+3	1.505603E-3	-2.468187E-3	2.891157E-3	-5.861665E+1	5.813600E+4	1.985800E+1	2.000100E+1	0.000000E+0	
-1.300000E+3	1.507735E-3	-2.461549E-3	2.886605E-3	-5.851191E+1	5.813600E+4	1.985600E+1	2.000000E+1	0.000000E+0	
-1.400000E+3	1.510006E-3	-2.459270E-3	2.885849E-3	-5.844983E+1	5.813600E+4	1.985700E+1	2.000100E+1	0.000000E+0	
-1.500000E+3	1.512152E-3	-2.452744E-3	2.881416E-3	-5.834557E+1	5.813600E+4	1.985500E+1	2.000100E+1	0.000000E+0	
-1.600000E+3	1.515171E-3	-2.448309E-3	2.879229E-3	-5.824812E+1	5.813600E+4	1.985500E+1	2.000100E+1	0.000000E+0	
-1.700000E+3	1.518791E-3	-2.439633E-3	2.873767E-3	-5.809571E+1	5.813600E+4	1.985600E+1	2.000100E+1	0.000000E+0	
-1.800000E+3	1.523155E-3	-2.428679E-3	2.866790E-3	-5.790597E+1	5.813600E+4	1.985600E+1	2.000000E+1	0.000000E+0	
-1.900000E+3	1.529707E-3	-2.417585E-3	2.860896E-3	-5.767675E+1	5.813600E+4	1.985500E+1	2.000100E+1	0.000000E+0	
-2.000000E+3	1.534054E-3	-2.408785E-3	2.855795E-3	-5.750865E+1	5.813600E+4	1.985600E+1	2.000100E+1	0.000000E+0	
-2.100000E+3	1.542872E-3	-2.388851E-3	2.843776E-3	-5.714305E+1	5.813600E+4	1.985600E+1	2.000100E+1	0.000000E+0	
-2.200000E+3	1.549532E-3	-2.372946E-3	2.834064E-3	-5.685550E+1	5.813600E+4	1.985600E+1	2.000100E+1	0.000000E+0	
-2.300000E+3	1.562736E-3	-2.342831E-3	2.816203E-3	-5.629556E+1	5.813600E+4	1.985600E+1	2.000100E+1	0.000000E+0	
-2.400000E+3	1.575206E-3	-2.315398E-3	2.800418E-3	-5.577186E+1	5.813600E+4	1.985500E+1	2.000100E+1	0.000000E+0	
-2.500000E+3	1.594916E-3	-2.271248E-3	2.775306E-3	-5.492270E+1	5.813600E+4	1.985500E+1	2.000100E+1	0.000000E+0	
-2.600000E+3	1.616845E-3	-2.226165E-3	2.751363E-3	-5.400941E+1	5.813600E+4	1.985500E+1	2.000100E+1	0.000000E+0	
-2.700000E+3	1.651425E-3	-2.148142E-3	2.709561E-3	-5.244802E+1	5.813600E+4	1.985400E+1	2.000100E+1	0.000000E+0	
-2.800000E+3	1.690168E-3	-2.070933E-3	2.673094E-3	-5.078079E+1	5.813600E+4	1.985500E+1	2.000100E+1	0.000000E+0	
-2.900000E+3	1.747360E-3	-1.946828E-3	2.615991E-3	-4.809069E+1	5.813600E+4	1.985400E+1	2.000100E+1	0.000000E+0	
-3.000000E+3	1.814391E-3	-1.812020E-3	2.564261E-3	-4.496254E+1	5.813600E+4	1.985500E+1	2.000100E+1	0.000000E+0	
-3.100000E+3	1.911942E-3	-1.613990E-3	2.502096E-3	-4.016981E+1	5.813600E+4	1.985300E+1	2.000100E+1	0.000000E+0	
-3.200000E+3	2.008594E-3	-1.430862E-3	2.466134E-3	-3.546494E+1	5.813600E+4	1.985200E+1	2.000100E+1	0.000000E+0	
-3.300000E+3	2.122818E-3	-1.196388E-3	2.436740E-3	-2.940494E+1	5.813600E+4	1.985400E+1	2.000000E+1	0.000000E+0	
-3.400000E+3	2.223372E-3	-1.006708E-3	2.440665E-3	-2.436028E+1	5.813600E+4	1.985500E+1	2.000000E+1	0.000000E+0	
-3.500000E+3	2.337651E-3	-7.751410E-4	2.462815E-3	-1.834499E+1	5.813600E+4	1.985100E+1	2.000000E+1	0.000000E+0	
-3.600000E+3	2.429536E-3	-6.066380E-4	2.504128E-3	-1.401968E+1	5.813600E+4	1.985300E+1	2.000000E+1	0.000000E+0	
-3.700000E+3	2.510198E-3	-4.451304E-4	2.549360E-3	-1.005566E+1	5.813600E+4	1.985200E+1	2.000000E+1	0.000000E+0	
-3.800000E+3	2.560044E-3	-3.468416E-4	2.583432E-3	-7.715607E+0	5.813600E+4	1.985500E+1	1.999900E+1	0.000000E+0	
-3.900000E+3	2.601860E-3	-2.631184E-4	2.615130E-3	-5.774521E+0	5.813600E+4	1.985400E+1	1.999900E+1	0.000000E+0	
-4.000000E+3	2.618910E-3	-2.235765E-4	2.628436E-3	-4.879513E+0	5.813600E+4	1.985500E+1	1.999900E+1	0.000000E+0	
-4.100000E+3	2.623361E-3	-2.125790E-4	2.631960E-3	-4.632729E+0	5.813600E+4	1.985400E+1	1.999900E+1	0.000000E+0	
-4.200000E+3	2.612431E-3	-2.322584E-4	2.622735E-3	-5.080529E+0	5.813600E+4	1.985400E+1	1.999900E+1	0.000000E+0	
-4.300000E+3	2.588693E-3	-2.884785E-4	2.604717E-3	-6.358687E+0	5.813600E+4	1.985400E+1	1.999900E+1	0.000000E+0	
-4.400000E+3	2.549111E-3	-3.671382E-4	2.575414E-3	-8.195722E+0	5.813600E+4	1.985400E+1	1.999900E+1	0.000000E+0	
-4.500000E+3	2.479439E-3	-5.070823E-4	2.530761E-3	-1.155845E+1	5.813600E+4	1.985200E+1	1.999900E+1	0.000000E+0	
-4.600000E+3	2.401087E-3	-6.606817E-4	2.490325E-3	-1.538474E+1	5.813600E+4	1.985300E+1	1.999900E+1	0.000000E+0	
-4.700000E+3	2.298893E-3	-8.710921E-4	2.458396E-3	-2.075261E+1	5.813600E+4	1.985300E+1	2.000000E+1	0.000000E+0	
-4.800000E+3	2.197885E-3	-1.064863E-3	2.442259E-3	-2.584993E+1	5.813600E+4	1.985300E+1	2.000000E+1	0.000000E+0	
-4.900000E+3	2.076364E-3	-1.307174E-3	2.453567E-3	-3.219245E+1	5.813600E+4	1.985300E+1	2.000000E+1	0.000000E+0	
-5.000000E+3	1.969887E-3	-1.510654E-3	2.482444E-3	-3.748364E+1	5.813600E+4	1.985400E+1	2.000000E+1	0.000000E+0	
-5.100000E+3	1.869441E-3	-1.717384E-3	2.538546E-3	-4.257250E+1	5.813600E+4	1.985300E+1	2.000000E+1	0.000000E+0	
-5.200000E+3	1.786670E-3	-1.876322E-3	2.590902E-3	-4.640203E+1	5.813600E+4	1.985400E+1	2.000100E+1	0.000000E+0	
-5.300000E+3	1.707878E-3	-2.042717E-3	2.662619E-3	-5.010162E+1	5.813600E+4	1.985300E+1	2.000100E+1	0.000000E+0	
-5.400000E+3	1.649309E-3	-2.161123E-3	2.718579E-3	-5.265014E+1	5.813600E+4	1.985300E+1	2.000000E+1	0.000000E+0	
-5.500000E+3	1.586187E-3	-2.295951E-3	2.790588E-3	-5.536085E+1	5.813600E+4	1.985400E+1	2.000100E+1	0.000000E+0	
-5.600000E+3	1.534113E-3	-2.406521E-3	2.853917E-3	-5.748323E+1	5.813600E+4	1.985400E+1	2.000100E+1	0.000000E+0	
-5.700000E+3	1.473772E-3	-2.544113E-3	2.940156E-3	-5.991684E+1	5.813600E+4	1.985500E+1	2.000100E+1	0.000000E+0	
-5.800000E+3	1.414361E-3	-2.672268E-3	3.023481E-3	-6.210891E+1	5.813600E+4	1.985400E+1	2.000100E+1	0.000000E+0	
-5.900000E+3	1.331715E-3	-2.847958E-3	3.143935E-3	-6.493905E+1	5.813600E+4	1.985400E+1	2.000100E+1	0.000000E+0	
-6.000000E+3	1.251776E-3	-3.014461E-3	3.264034E-3	-6.744900E+1	5.813600E+4	1.985400E+1	2.000000E+1	0.000000E+0	
-6.100000E+3	1.139038E-3	-3.248414E-3	3.442325E-3	-7.067707E+1	5.813600E+4	1.985400E+1	2.000100E+1	0.000000E+0	
-6.200000E+3	1.039407E-3	-3.451285E-3	3.604405E-3	-7.323952E+1	5.813600E+4	1.985300E+1	2.000100E+1	0.000000E+0	
-6.300000E+3	9.174611E-4	-3.703687E-3	3.815630E-3	-7.608701E+1	5.813600E+4	1.985400E+1	2.000100E+1	0.000000E+0	
-6.400000E+3	8.057460E-4	-3.918869E-3	4.000845E-3	-7.838152E+1	5.813600E+4	1.985600E+1	2.000100E+1	0.000000E+0	
-6.500000E+3	6.937387E-4	-4.144060E-3	4.201726E-3	-8.049649E+1	5.813600E+4	1.985600E+1	2.000100E+1	0.000000E+0	
-6.600000E+3	6.082925E-4	-4.314302E-3	4.356974E-3	-8.197452E+1	5.813600E+4	1.985500E+1	2.000100E+1	0.000000E+0	
-6.700000E+3	5.291082E-4	-4.474881E-3	4.506053E-3	-8.325668E+1	5.813600E+4	1.985500E+1	2.000100E+1	0.000000E+0	
-6.800000E+3	4.815208E-4	-4.569338E-3	4.594640E-3	-8.398432E+1	5.813600E+4	1.985100E+1	2.000100E+1	0.000000E+0	
-6.900000E+3	4.355615E-4	-4.660518E-3	4.680827E-3	-8.466078E+1	5.813600E+4	1.985500E+1	2.000100E+1	0.000000E+0	
-7.000000E+3	4.102987E-4	-4.705179E-3	4.723035E-3	-8.501633E+1	5.813600E+4	1.985200E+1	2.000100E+1	0.000000E+0	
-7.100000E+3	3.993091E-4	-4.726382E-3	4.743220E-3	-8.517083E+1	5.813600E+4	1.985300E+1	2.000100E+1	0.000000E+0	
-7.200000E+3	4.014906E-4	-4.718430E-3	4.735480E-3	-8.513642E+1	5.813600E+4	1.985300E+1	2.000100E+1	0.000000E+0	
-7.300000E+3	4.212515E-4	-4.675422E-3	4.694361E-3	-8.485160E+1	5.813600E+4	1.985200E+1	2.000100E+1	0.000000E+0	
-7.400000E+3	4.520624E-4	-4.607297E-3	4.629422E-3	-8.439615E+1	5.813600E+4	1.985400E+1	2.000100E+1	0.000000E+0	
-7.500000E+3	5.134842E-4	-4.479547E-3	4.508881E-3	-8.346081E+1	5.813600E+4	1.985300E+1	2.000100E+1	0.000000E+0	
-7.600000E+3	5.835405E-4	-4.341307E-3	4.380350E-3	-8.234443E+1	5.813600E+4	1.985100E+1	2.000100E+1	0.000000E+0	
-7.700000E+3	6.781599E-4	-4.139306E-3	4.194491E-3	-8.069565E+1	5.813600E+4	1.985100E+1	2.000100E+1	0.000000E+0	
-7.800000E+3	7.706981E-4	-3.959772E-3	4.034076E-3	-7.898611E+1	5.813600E+4	1.985300E+1	2.000100E+1	0.000000E+0	
-7.900000E+3	8.853181E-4	-3.732080E-3	3.835650E-3	-7.665506E+1	5.813600E+4	1.985100E+1	2.000100E+1	0.000000E+0	
-8.000000E+3	9.810661E-4	-3.547975E-3	3.681116E-3	-7.454311E+1	5.813600E+4	1.985200E+1	2.000100E+1	0.000000E+0	
-8.100000E+3	1.074382E-3	-3.357026E-3	3.524758E-3	-7.225325E+1	5.813600E+4	1.985300E+1	2.000100E+1	0.000000E+0	
-8.200000E+3	1.144400E-3	-3.221428E-3	3.418662E-3	-7.044261E+1	5.813600E+4	1.985200E+1	2.000100E+1	0.000000E+0	
-8.300000E+3	1.209621E-3	-3.086294E-3	3.314874E-3	-6.859814E+1	5.813600E+4	1.985400E+1	2.000100E+1	0.000000E+0	
-8.400000E+3	1.251009E-3	-2.997612E-3	3.248184E-3	-6.734750E+1	5.813600E+4	1.985400E+1	2.000100E+1	0.000000E+0	
-8.500000E+3	1.289831E-3	-2.911943E-3	3.184820E-3	-6.610928E+1	5.813600E+4	1.985300E+1	2.000100E+1	0.000000E+0	
-8.600000E+3	1.318430E-3	-2.855057E-3	3.144774E-3	-6.521309E+1	5.813600E+4	1.985100E+1	2.000200E+1	0.000000E+0	
-8.700000E+3	1.349134E-3	-2.789954E-3	3.099033E-3	-6.419304E+1	5.813600E+4	1.985200E+1	2.000100E+1	0.000000E+0	
-8.800000E+3	1.368278E-3	-2.749788E-3	3.071403E-3	-6.354533E+1	5.813600E+4	1.985600E+1	2.000100E+1	0.000000E+0	
-8.900000E+3	1.390262E-3	-2.702083E-3	3.038763E-3	-6.277350E+1	5.813600E+4	1.985600E+1	2.000100E+1	0.000000E+0	
-9.000000E+3	1.407836E-3	-2.670115E-3	3.018529E-3	-6.219926E+1	5.813600E+4	1.985400E+1	2.000100E+1	0.000000E+0	
-9.100000E+3	1.423164E-3	-2.637501E-3	2.996967E-3	-6.164924E+1	5.813600E+4	1.985300E+1	2.000100E+1	0.000000E+0	
-9.200000E+3	1.433497E-3	-2.613962E-3	2.981226E-3	-6.125962E+1	5.813600E+4	1.985300E+1	2.000100E+1	0.000000E+0	
-9.300000E+3	1.444382E-3	-2.594053E-3	2.969065E-3	-6.089070E+1	5.813600E+4	1.985400E+1	2.000100E+1	0.000000E+0	
-9.400000E+3	1.451122E-3	-2.578750E-3	2.959004E-3	-6.063254E+1	5.813600E+4	1.985300E+1	2.000100E+1	0.000000E+0	
-9.500000E+3	1.457626E-3	-2.563334E-3	2.948789E-3	-6.037551E+1	5.813600E+4	1.985400E+1	2.000100E+1	0.000000E+0	
-9.600000E+3	1.461985E-3	-2.554676E-3	2.943428E-3	-6.021844E+1	5.813600E+4	1.985200E+1	2.000100E+1	0.000000E+0	
-9.700000E+3	1.466365E-3	-2.546282E-3	2.938329E-3	-6.006302E+1	5.813600E+4	1.985200E+1	2.000100E+1	0.000000E+0	
-9.800000E+3	1.468657E-3	-2.539692E-3	2.933767E-3	-5.995999E+1	5.813600E+4	1.985200E+1	2.000100E+1	0.000000E+0	
-9.900000E+3	1.473018E-3	-2.533177E-3	2.930319E-3	-5.982242E+1	5.813600E+4	1.985500E+1	2.000100E+1	0.000000E+0	
-1.000000E+4	1.475170E-3	-2.528657E-3	2.927496E-3	-5.974153E+1	5.813600E+4	1.985500E+1	2.000100E+1	0.000000E+0	
-1.010000E+4	1.477477E-3	-2.522057E-3	2.922962E-3	-5.963728E+1	5.813600E+4	1.985300E+1	2.000100E+1	0.000000E+0	
-1.020000E+4	1.477475E-3	-2.519920E-3	2.921118E-3	-5.961613E+1	5.813600E+4	1.985100E+1	2.000100E+1	0.000000E+0	
-1.030000E+4	1.479588E-3	-2.515486E-3	2.918365E-3	-5.953632E+1	5.813600E+4	1.985300E+1	2.000000E+1	0.000000E+0	
-1.040000E+4	1.481819E-3	-2.513261E-3	2.917579E-3	-5.947639E+1	5.813600E+4	1.985700E+1	2.000100E+1	0.000000E+0	
-1.050000E+4	1.483970E-3	-2.508989E-3	2.914994E-3	-5.939733E+1	5.813600E+4	1.985400E+1	2.000100E+1	0.000000E+0	
-1.060000E+4	1.483965E-3	-2.508997E-3	2.914998E-3	-5.939749E+1	5.813600E+4	1.985500E+1	2.000100E+1	0.000000E+0	
-1.070000E+4	1.483990E-3	-2.506878E-3	2.913188E-3	-5.937585E+1	5.813600E+4	1.985200E+1	2.000100E+1	0.000000E+0	
-1.080000E+4	1.486242E-3	-2.504602E-3	2.912379E-3	-5.931492E+1	5.813600E+4	1.985400E+1	2.000100E+1	0.000000E+0	
-1.090000E+4	1.486270E-3	-2.502461E-3	2.910551E-3	-5.929293E+1	5.813600E+4	1.985500E+1	2.000000E+1	0.000000E+0	
-1.100000E+4	1.486242E-3	-2.502437E-3	2.910517E-3	-5.929318E+1	5.813600E+4	1.985500E+1	2.000000E+1	0.000000E+0	
