	
	Sensitivity=5 mV/nA,, Reserve=Normal,, Time Constant=100ms,, Low Pass Filter=24 dB/oct	
	Daten erstellt am: 	2018_10_11	
	***End of Header***
Stepwith 	Channel X LIA [V] 	Channel Y LIA [V] 	Amplitude LIA [V] 	Phase [°] 	Frequency [Hz] 	Temp Sensor 1 	Temp Sensor 2 	Current I [A]	Voltage over Resistance for Current [V] 
-1.000000E+2	2.121238E-3	-1.850677E-3	2.815077E-3	-4.110312E+1	7.326200E+4	3.301480E+2	2.878770E+2	-4.772724E-2	-4.545451E-4
-2.000000E+2	2.120905E-3	-1.851341E-3	2.815263E-3	-4.111775E+1	7.326200E+4	3.301480E+2	2.878780E+2	0.000000E+0	
-3.000000E+2	2.120678E-3	-1.850679E-3	2.814656E-3	-4.111063E+1	7.326200E+4	3.301480E+2	2.878730E+2	0.000000E+0	
-4.000000E+2	2.121118E-3	-1.849592E-3	2.814273E-3	-4.108808E+1	7.326200E+4	3.301480E+2	2.878870E+2	0.000000E+0	
-5.000000E+2	2.121118E-3	-1.848720E-3	2.813700E-3	-4.107470E+1	7.326200E+4	3.301480E+2	2.878830E+2	0.000000E+0	
-6.000000E+2	2.120540E-3	-1.847836E-3	2.812683E-3	-4.106886E+1	7.326200E+4	3.301480E+2	2.878770E+2	0.000000E+0	
-7.000000E+2	2.120652E-3	-1.847605E-3	2.812616E-3	-4.106381E+1	7.326200E+4	3.301480E+2	2.878880E+2	0.000000E+0	
-8.000000E+2	2.120308E-3	-1.847390E-3	2.812216E-3	-4.106511E+1	7.326200E+4	3.301480E+2	2.878810E+2	0.000000E+0	
-9.000000E+2	2.120310E-3	-1.847834E-3	2.812509E-3	-4.107190E+1	7.326200E+4	3.301480E+2	2.878920E+2	0.000000E+0	
-1.000000E+3	2.120679E-3	-1.847612E-3	2.812641E-3	-4.106355E+1	7.326200E+4	3.301480E+2	2.878830E+2	0.000000E+0	
-1.100000E+3	2.120905E-3	-1.848059E-3	2.813104E-3	-4.106740E+1	7.326200E+4	3.301480E+2	2.878920E+2	0.000000E+0	
-1.200000E+3	2.120675E-3	-1.848719E-3	2.813365E-3	-4.108059E+1	7.326200E+4	3.301480E+2	2.878920E+2	0.000000E+0	
-1.300000E+3	2.120539E-3	-1.848933E-3	2.813403E-3	-4.108572E+1	7.326200E+4	3.301480E+2	2.878890E+2	0.000000E+0	
-1.400000E+3	2.121346E-3	-1.849596E-3	2.814447E-3	-4.108509E+1	7.326200E+4	3.301480E+2	2.878780E+2	0.000000E+0	
-1.500000E+3	2.120788E-3	-1.850676E-3	2.814737E-3	-4.110912E+1	7.326200E+4	3.301480E+2	2.878850E+2	0.000000E+0	
-1.600000E+3	2.120909E-3	-1.850903E-3	2.814977E-3	-4.111098E+1	7.326200E+4	3.301480E+2	2.878850E+2	0.000000E+0	
-1.700000E+3	2.120680E-3	-1.850901E-3	2.814803E-3	-4.111402E+1	7.326200E+4	3.301480E+2	2.878790E+2	0.000000E+0	
-1.800000E+3	2.121118E-3	-1.851573E-3	2.815576E-3	-4.111846E+1	7.326200E+4	3.301480E+2	2.878830E+2	0.000000E+0	
-1.900000E+3	2.120675E-3	-1.851564E-3	2.815235E-3	-4.112426E+1	7.326200E+4	3.301480E+2	2.878890E+2	0.000000E+0	
-2.000000E+3	2.121118E-3	-1.851568E-3	2.815572E-3	-4.111839E+1	7.326200E+4	3.301480E+2	2.878840E+2	0.000000E+0	
-2.100000E+3	2.120906E-3	-1.851340E-3	2.815262E-3	-4.111771E+1	7.326200E+4	3.301480E+2	2.878900E+2	0.000000E+0	
-2.200000E+3	2.121118E-3	-1.852004E-3	2.815859E-3	-4.112507E+1	7.326200E+4	3.301480E+2	2.878790E+2	0.000000E+0	
-2.300000E+3	2.120908E-3	-1.851789E-3	2.815559E-3	-4.112458E+1	7.326200E+4	3.301480E+2	2.878770E+2	0.000000E+0	
-2.400000E+3	2.120904E-3	-1.851346E-3	2.815264E-3	-4.111785E+1	7.326200E+4	3.301480E+2	2.878890E+2	0.000000E+0	
-2.500000E+3	2.121119E-3	-1.850239E-3	2.814699E-3	-4.109799E+1	7.326200E+4	3.301480E+2	2.878930E+2	0.000000E+0	
-2.600000E+3	2.121118E-3	-1.848932E-3	2.813839E-3	-4.107794E+1	7.326200E+4	3.301480E+2	2.878950E+2	0.000000E+0	
-2.700000E+3	2.121348E-3	-1.847163E-3	2.812851E-3	-4.104771E+1	7.326200E+4	3.301480E+2	2.878920E+2	0.000000E+0	
-2.800000E+3	2.121785E-3	-1.845845E-3	2.812315E-3	-4.102161E+1	7.326200E+4	3.301480E+2	2.878880E+2	0.000000E+0	
-2.900000E+3	2.122003E-3	-1.842982E-3	2.810601E-3	-4.097467E+1	7.326200E+4	3.301480E+2	2.878930E+2	0.000000E+0	
-3.000000E+3	2.122243E-3	-1.840571E-3	2.809202E-3	-4.093432E+1	7.326200E+4	3.301480E+2	2.878850E+2	0.000000E+0	
-3.100000E+3	2.123320E-3	-1.837390E-3	2.807933E-3	-4.087089E+1	7.326200E+4	3.301480E+2	2.878810E+2	0.000000E+0	
-3.200000E+3	2.124638E-3	-1.833418E-3	2.806334E-3	-4.079196E+1	7.326200E+4	3.301480E+2	2.878790E+2	0.000000E+0	
-3.300000E+3	2.125076E-3	-1.830642E-3	2.804853E-3	-4.074318E+1	7.326200E+4	3.301480E+2	2.878820E+2	0.000000E+0	
-3.400000E+3	2.126178E-3	-1.827886E-3	2.803891E-3	-4.068582E+1	7.326200E+4	3.301480E+2	2.878920E+2	0.000000E+0	
-3.500000E+3	2.127279E-3	-1.823648E-3	2.801964E-3	-4.060542E+1	7.326200E+4	3.301480E+2	2.878880E+2	0.000000E+0	
-3.600000E+3	2.128743E-3	-1.819915E-3	2.800650E-3	-4.052795E+1	7.326200E+4	3.301480E+2	2.878900E+2	0.000000E+0	
-3.700000E+3	2.129619E-3	-1.816827E-3	2.799310E-3	-4.046826E+1	7.326200E+4	3.301480E+2	2.878980E+2	0.000000E+0	
-3.800000E+3	2.129835E-3	-1.814860E-3	2.798198E-3	-4.043474E+1	7.326200E+4	3.301480E+2	2.878990E+2	0.000000E+0	
-3.900000E+3	2.130280E-3	-1.812215E-3	2.796822E-3	-4.038759E+1	7.326200E+4	3.301480E+2	2.878930E+2	0.000000E+0	
-4.000000E+3	2.130499E-3	-1.810994E-3	2.796198E-3	-4.036562E+1	7.326200E+4	3.301480E+2	2.878940E+2	0.000000E+0	
-4.100000E+3	2.130942E-3	-1.809668E-3	2.795677E-3	-4.033905E+1	7.326200E+4	3.301480E+2	2.878830E+2	0.000000E+0	
-4.200000E+3	2.131152E-3	-1.809012E-3	2.795413E-3	-4.032602E+1	7.326200E+4	3.301480E+2	2.878890E+2	0.000000E+0	
-4.300000E+3	2.131155E-3	-1.808569E-3	2.795129E-3	-4.031905E+1	7.326200E+4	3.301480E+2	2.878940E+2	0.000000E+0	
-4.400000E+3	2.130719E-3	-1.808349E-3	2.794654E-3	-4.032138E+1	7.326200E+4	3.301480E+2	2.879010E+2	0.000000E+0	
-4.500000E+3	2.130717E-3	-1.809232E-3	2.795224E-3	-4.033521E+1	7.326200E+4	3.301480E+2	2.878870E+2	0.000000E+0	
-4.600000E+3	2.130061E-3	-1.810339E-3	2.795441E-3	-4.036122E+1	7.326200E+4	3.301480E+2	2.878860E+2	0.000000E+0	
-4.700000E+3	2.128736E-3	-1.813432E-3	2.796435E-3	-4.042708E+1	7.326200E+4	3.301480E+2	2.878930E+2	0.000000E+0	
-4.800000E+3	2.127632E-3	-1.816602E-3	2.797653E-3	-4.049116E+1	7.326200E+4	3.301480E+2	2.879020E+2	0.000000E+0	
-4.900000E+3	2.127053E-3	-1.820803E-3	2.799942E-3	-4.056423E+1	7.326200E+4	3.301480E+2	2.878970E+2	0.000000E+0	
-5.000000E+3	2.125737E-3	-1.824747E-3	2.801510E-3	-4.064301E+1	7.326200E+4	3.301480E+2	2.878910E+2	0.000000E+0	
-5.100000E+3	2.124184E-3	-1.829267E-3	2.803279E-3	-4.073379E+1	7.326200E+4	3.301480E+2	2.879010E+2	0.000000E+0	
-5.200000E+3	2.123316E-3	-1.832983E-3	2.805049E-3	-4.080287E+1	7.326200E+4	3.301480E+2	2.878950E+2	0.000000E+0	
-5.300000E+3	2.122438E-3	-1.836927E-3	2.806963E-3	-4.087552E+1	7.326200E+4	3.301480E+2	2.878920E+2	0.000000E+0	
-5.400000E+3	2.121555E-3	-1.840134E-3	2.808396E-3	-4.093679E+1	7.326200E+4	3.301480E+2	2.878900E+2	0.000000E+0	
-5.500000E+3	2.121114E-3	-1.843421E-3	2.810219E-3	-4.099330E+1	7.326200E+4	3.301480E+2	2.878910E+2	0.000000E+0	
-5.600000E+3	2.120670E-3	-1.845850E-3	2.811477E-3	-4.103661E+1	7.326200E+4	3.301480E+2	2.878840E+2	0.000000E+0	
-5.700000E+3	2.119661E-3	-1.848062E-3	2.812169E-3	-4.108409E+1	7.326200E+4	3.301480E+2	2.878890E+2	0.000000E+0	
-5.800000E+3	2.119431E-3	-1.850468E-3	2.813577E-3	-4.112409E+1	7.326200E+4	3.301480E+2	2.878930E+2	0.000000E+0	
-5.900000E+3	2.118964E-3	-1.853450E-3	2.815188E-3	-4.117606E+1	7.326200E+4	3.301480E+2	2.878960E+2	0.000000E+0	
-6.000000E+3	2.118104E-3	-1.856532E-3	2.816572E-3	-4.123478E+1	7.326200E+4	3.301480E+2	2.878990E+2	0.000000E+0	
-6.100000E+3	2.117018E-3	-1.860652E-3	2.818473E-3	-4.131232E+1	7.326200E+4	3.301480E+2	2.878940E+2	0.000000E+0	
-6.200000E+3	2.116140E-3	-1.863716E-3	2.819838E-3	-4.137086E+1	7.326200E+4	3.301480E+2	2.878880E+2	0.000000E+0	
-6.300000E+3	2.114818E-3	-1.868464E-3	2.821988E-3	-4.146094E+1	7.326200E+4	3.301480E+2	2.878940E+2	0.000000E+0	
-6.400000E+3	2.113757E-3	-1.872609E-3	2.823939E-3	-4.153821E+1	7.326200E+4	3.301480E+2	2.878900E+2	0.000000E+0	
-6.500000E+3	2.112492E-3	-1.876174E-3	2.825358E-3	-4.160934E+1	7.326200E+4	3.301480E+2	2.878900E+2	0.000000E+0	
-6.600000E+3	2.111330E-3	-1.879465E-3	2.826677E-3	-4.167486E+1	7.326200E+4	3.301480E+2	2.878940E+2	0.000000E+0	
-6.700000E+3	2.110249E-3	-1.882893E-3	2.828151E-3	-4.174130E+1	7.326200E+4	3.301480E+2	2.878980E+2	0.000000E+0	
-6.800000E+3	2.109803E-3	-1.885285E-3	2.829411E-3	-4.178344E+1	7.326200E+4	3.301480E+2	2.878980E+2	0.000000E+0	
-6.900000E+3	2.109136E-3	-1.887048E-3	2.830089E-3	-4.181906E+1	7.326200E+4	3.301480E+2	2.878910E+2	0.000000E+0	
-7.000000E+3	2.109142E-3	-1.888115E-3	2.830805E-3	-4.183508E+1	7.326200E+4	3.301480E+2	2.878920E+2	0.000000E+0	
-7.100000E+3	2.108487E-3	-1.888992E-3	2.830903E-3	-4.185714E+1	7.326200E+4	3.301480E+2	2.878980E+2	0.000000E+0	
-7.200000E+3	2.108257E-3	-1.888769E-3	2.830582E-3	-4.185689E+1	7.326200E+4	3.301480E+2	2.878990E+2	0.000000E+0	
-7.300000E+3	2.108698E-3	-1.888113E-3	2.830473E-3	-4.184104E+1	7.326200E+4	3.301480E+2	2.878910E+2	0.000000E+0	
-7.400000E+3	2.108259E-3	-1.887711E-3	2.829878E-3	-4.184090E+1	7.326200E+4	3.301480E+2	2.878940E+2	0.000000E+0	
-7.500000E+3	2.108698E-3	-1.885506E-3	2.828734E-3	-4.180170E+1	7.326200E+4	3.301480E+2	2.878990E+2	0.000000E+0	
-7.600000E+3	2.108697E-3	-1.883556E-3	2.827435E-3	-4.177226E+1	7.326200E+4	3.301480E+2	2.878980E+2	0.000000E+0	
-7.700000E+3	2.109798E-3	-1.880902E-3	2.826489E-3	-4.171726E+1	7.326200E+4	3.301480E+2	2.878860E+2	0.000000E+0	
-7.800000E+3	2.110451E-3	-1.878137E-3	2.825138E-3	-4.166659E+1	7.326200E+4	3.301480E+2	2.878930E+2	0.000000E+0	
-7.900000E+3	2.111558E-3	-1.874628E-3	2.823634E-3	-4.159846E+1	7.326200E+4	3.301480E+2	2.879010E+2	0.000000E+0	
-8.000000E+3	2.112885E-3	-1.872190E-3	2.823009E-3	-4.154358E+1	7.326200E+4	3.301480E+2	2.879030E+2	0.000000E+0	
-8.100000E+3	2.113760E-3	-1.868519E-3	2.821231E-3	-4.147601E+1	7.326200E+4	3.301480E+2	2.878930E+2	0.000000E+0	
-8.200000E+3	2.113956E-3	-1.866207E-3	2.819847E-3	-4.143817E+1	7.326200E+4	3.301480E+2	2.878940E+2	0.000000E+0	
-8.300000E+3	2.114808E-3	-1.863716E-3	2.818839E-3	-4.138875E+1	7.326200E+4	3.301480E+2	2.878940E+2	0.000000E+0	
-8.400000E+3	2.115697E-3	-1.861750E-3	2.818206E-3	-4.134681E+1	7.326200E+4	3.301480E+2	2.879010E+2	0.000000E+0	
-8.500000E+3	2.115909E-3	-1.860048E-3	2.817242E-3	-4.131798E+1	7.326200E+4	3.301480E+2	2.879080E+2	0.000000E+0	
-8.600000E+3	2.116342E-3	-1.858755E-3	2.816714E-3	-4.129241E+1	7.326200E+4	3.301480E+2	2.879000E+2	0.000000E+0	
-8.700000E+3	2.116574E-3	-1.857617E-3	2.816136E-3	-4.127189E+1	7.326200E+4	3.301480E+2	2.878890E+2	0.000000E+0	
-8.800000E+3	2.116932E-3	-1.856739E-3	2.815827E-3	-4.125365E+1	7.326200E+4	3.301480E+2	2.879020E+2	0.000000E+0	
-8.900000E+3	2.117446E-3	-1.855430E-3	2.815351E-3	-4.122674E+1	7.326200E+4	3.301480E+2	2.878980E+2	0.000000E+0	
-9.000000E+3	2.117448E-3	-1.854770E-3	2.814916E-3	-4.121661E+1	7.326200E+4	3.301480E+2	2.878970E+2	0.000000E+0	
-9.100000E+3	2.117668E-3	-1.854102E-3	2.814643E-3	-4.120342E+1	7.326200E+4	3.301480E+2	2.878990E+2	0.000000E+0	
-9.200000E+3	2.117894E-3	-1.853668E-3	2.814526E-3	-4.119375E+1	7.326200E+4	3.301480E+2	2.879080E+2	0.000000E+0	
-9.300000E+3	2.118543E-3	-1.852889E-3	2.814502E-3	-4.117311E+1	7.326200E+4	3.301480E+2	2.879010E+2	0.000000E+0	
-9.400000E+3	2.118986E-3	-1.852231E-3	2.814402E-3	-4.115710E+1	7.326200E+4	3.301480E+2	2.878930E+2	0.000000E+0	
-9.500000E+3	2.118775E-3	-1.851791E-3	2.813954E-3	-4.115317E+1	7.326200E+4	3.301480E+2	2.879010E+2	0.000000E+0	
-9.600000E+3	2.118548E-3	-1.851569E-3	2.813637E-3	-4.115282E+1	7.326200E+4	3.301480E+2	2.878910E+2	0.000000E+0	
-9.700000E+3	2.118542E-3	-1.851341E-3	2.813482E-3	-4.114940E+1	7.326200E+4	3.301480E+2	2.879010E+2	0.000000E+0	
-9.800000E+3	2.118776E-3	-1.851339E-3	2.813658E-3	-4.114624E+1	7.326200E+4	3.301480E+2	2.878920E+2	0.000000E+0	
-9.900000E+3	2.118775E-3	-1.850900E-3	2.813368E-3	-4.113952E+1	7.326200E+4	3.301480E+2	2.878930E+2	0.000000E+0	
-1.000000E+4	2.119076E-3	-1.850906E-3	2.813598E-3	-4.113557E+1	7.326200E+4	3.301480E+2	2.879000E+2	0.000000E+0	
-1.010000E+4	2.119090E-3	-1.850901E-3	2.813606E-3	-4.113531E+1	7.326200E+4	3.301480E+2	2.878990E+2	0.000000E+0	
-1.020000E+4	2.119430E-3	-1.850900E-3	2.813861E-3	-4.113074E+1	7.326200E+4	3.301480E+2	2.878950E+2	0.000000E+0	
-1.030000E+4	2.119430E-3	-1.850470E-3	2.813578E-3	-4.112415E+1	7.326200E+4	3.301480E+2	2.878870E+2	0.000000E+0	
-1.040000E+4	2.119530E-3	-1.850906E-3	2.813940E-3	-4.112949E+1	7.326200E+4	3.301480E+2	2.878960E+2	0.000000E+0	
-1.050000E+4	2.119655E-3	-1.850679E-3	2.813885E-3	-4.112435E+1	7.326200E+4	3.301480E+2	2.878930E+2	0.000000E+0	
-1.060000E+4	2.119652E-3	-1.850465E-3	2.813742E-3	-4.112109E+1	7.326200E+4	3.301480E+2	2.878970E+2	0.000000E+0	
-1.070000E+4	2.119655E-3	-1.850468E-3	2.813746E-3	-4.112109E+1	7.326200E+4	3.301480E+2	2.878980E+2	0.000000E+0	
-1.080000E+4	2.119655E-3	-1.850466E-3	2.813746E-3	-4.112107E+1	7.326200E+4	3.301480E+2	2.879030E+2	0.000000E+0	
-1.090000E+4	2.120090E-3	-1.850466E-3	2.814073E-3	-4.111524E+1	7.326200E+4	3.301480E+2	2.879040E+2	0.000000E+0	
-1.100000E+4	2.119867E-3	-1.850467E-3	2.813906E-3	-4.111825E+1	7.326200E+4	3.301480E+2	2.878950E+2	0.000000E+0	
