	
	Sensitivity=2 mV/nA,, Reserve=Normal,, Time Constant=100ms,, Low Pass Filter=24 dB/oct	
	Daten erstellt am: 	2018_10_11	
	***End of Header***
Stepwith 	Channel X LIA [V] 	Channel Y LIA [V] 	Amplitude LIA [V] 	Phase [°] 	Frequency [Hz] 	Temp Sensor 1 	Temp Sensor 2 	Current I [A]	Voltage over Resistance for Current [V] 
-1.000000E+2	-9.539817E-4	-8.030740E-4	1.247000E-3	-1.399089E+2	1.705860E+4	3.301480E+2	2.877230E+2	-5.257583E-2	-5.007222E-4
-2.000000E+2	-9.539824E-4	-8.029834E-4	1.246942E-3	-1.399121E+2	1.705860E+4	3.301480E+2	2.877250E+2	0.000000E+0	
-3.000000E+2	-9.539802E-4	-8.029858E-4	1.246942E-3	-1.399120E+2	1.705860E+4	3.301480E+2	2.877170E+2	0.000000E+0	
-4.000000E+2	-9.539824E-4	-8.029877E-4	1.246945E-3	-1.399120E+2	1.705860E+4	3.301480E+2	2.877190E+2	0.000000E+0	
-5.000000E+2	-9.540685E-4	-8.029861E-4	1.247010E-3	-1.399146E+2	1.705860E+4	3.301480E+2	2.877110E+2	0.000000E+0	
-6.000000E+2	-9.539804E-4	-8.029855E-4	1.246942E-3	-1.399120E+2	1.705860E+4	3.301480E+2	2.877200E+2	0.000000E+0	
-7.000000E+2	-9.540704E-4	-8.028054E-4	1.246895E-3	-1.399210E+2	1.705860E+4	3.301480E+2	2.877120E+2	0.000000E+0	
-8.000000E+2	-9.538924E-4	-8.028051E-4	1.246758E-3	-1.399157E+2	1.705860E+4	3.301480E+2	2.877200E+2	0.000000E+0	
-9.000000E+2	-9.539828E-4	-8.028074E-4	1.246829E-3	-1.399183E+2	1.705860E+4	3.301480E+2	2.877270E+2	0.000000E+0	
-1.000000E+3	-9.540705E-4	-8.028059E-4	1.246895E-3	-1.399209E+2	1.705860E+4	3.301480E+2	2.877240E+2	0.000000E+0	
-1.100000E+3	-9.539813E-4	-8.028980E-4	1.246886E-3	-1.399151E+2	1.705860E+4	3.301480E+2	2.877180E+2	0.000000E+0	
-1.200000E+3	-9.538908E-4	-8.028981E-4	1.246817E-3	-1.399124E+2	1.705860E+4	3.301480E+2	2.877160E+2	0.000000E+0	
-1.300000E+3	-9.539829E-4	-8.028461E-4	1.246854E-3	-1.399169E+2	1.705860E+4	3.301480E+2	2.877280E+2	0.000000E+0	
-1.400000E+3	-9.538922E-4	-8.028976E-4	1.246818E-3	-1.399125E+2	1.705860E+4	3.301480E+2	2.877250E+2	0.000000E+0	
-1.500000E+3	-9.538915E-4	-8.027178E-4	1.246702E-3	-1.399188E+2	1.705860E+4	3.301480E+2	2.877380E+2	0.000000E+0	
-1.600000E+3	-9.538089E-4	-8.028059E-4	1.246695E-3	-1.399132E+2	1.705860E+4	3.301480E+2	2.877310E+2	0.000000E+0	
-1.700000E+3	-9.538081E-4	-8.028051E-4	1.246694E-3	-1.399132E+2	1.705860E+4	3.301480E+2	2.877220E+2	0.000000E+0	
-1.800000E+3	-9.538092E-4	-8.028085E-4	1.246697E-3	-1.399131E+2	1.705860E+4	3.301480E+2	2.877210E+2	0.000000E+0	
-1.900000E+3	-9.537189E-4	-8.028072E-4	1.246627E-3	-1.399105E+2	1.705860E+4	3.301480E+2	2.877190E+2	0.000000E+0	
-2.000000E+3	-9.536294E-4	-8.027192E-4	1.246502E-3	-1.399109E+2	1.705860E+4	3.301480E+2	2.877250E+2	0.000000E+0	
-2.100000E+3	-9.536284E-4	-8.027162E-4	1.246499E-3	-1.399110E+2	1.705860E+4	3.301480E+2	2.877260E+2	0.000000E+0	
-2.200000E+3	-9.534539E-4	-8.026322E-4	1.246312E-3	-1.399088E+2	1.705860E+4	3.301480E+2	2.877200E+2	0.000000E+0	
-2.300000E+3	-9.534564E-4	-8.026295E-4	1.246312E-3	-1.399090E+2	1.705860E+4	3.301480E+2	2.877200E+2	0.000000E+0	
-2.400000E+3	-9.533627E-4	-8.025405E-4	1.246183E-3	-1.399093E+2	1.705860E+4	3.301480E+2	2.877170E+2	0.000000E+0	
-2.500000E+3	-9.531863E-4	-8.023678E-4	1.245937E-3	-1.399102E+2	1.705860E+4	3.301480E+2	2.877170E+2	0.000000E+0	
-2.600000E+3	-9.530141E-4	-8.022802E-4	1.245749E-3	-1.399082E+2	1.705860E+4	3.301480E+2	2.877210E+2	0.000000E+0	
-2.700000E+3	-9.526028E-4	-8.021437E-4	1.245346E-3	-1.399008E+2	1.705860E+4	3.301480E+2	2.877310E+2	0.000000E+0	
-2.800000E+3	-9.525100E-4	-8.019687E-4	1.245162E-3	-1.399042E+2	1.705860E+4	3.301480E+2	2.877250E+2	0.000000E+0	
-2.900000E+3	-9.518971E-4	-8.016176E-4	1.244467E-3	-1.398984E+2	1.705860E+4	3.301480E+2	2.877130E+2	0.000000E+0	
-3.000000E+3	-9.514550E-4	-8.013491E-4	1.243956E-3	-1.398947E+2	1.705860E+4	3.301480E+2	2.877180E+2	0.000000E+0	
-3.100000E+3	-9.506892E-4	-8.009109E-4	1.243088E-3	-1.398874E+2	1.705860E+4	3.301480E+2	2.877160E+2	0.000000E+0	
-3.200000E+3	-9.498145E-4	-8.004775E-4	1.242140E-3	-1.398767E+2	1.705860E+4	3.301480E+2	2.877180E+2	0.000000E+0	
-3.300000E+3	-9.489385E-4	-7.997693E-4	1.241014E-3	-1.398757E+2	1.705860E+4	3.301480E+2	2.877180E+2	0.000000E+0	
-3.400000E+3	-9.479568E-4	-7.992829E-4	1.239950E-3	-1.398636E+2	1.705860E+4	3.301480E+2	2.877140E+2	0.000000E+0	
-3.500000E+3	-9.469337E-4	-7.985757E-4	1.238712E-3	-1.398581E+2	1.705860E+4	3.301480E+2	2.877040E+2	0.000000E+0	
-3.600000E+3	-9.460542E-4	-7.981376E-4	1.237757E-3	-1.398474E+2	1.705860E+4	3.301480E+2	2.877290E+2	0.000000E+0	
-3.700000E+3	-9.451761E-4	-7.975279E-4	1.236693E-3	-1.398427E+2	1.705860E+4	3.301480E+2	2.877240E+2	0.000000E+0	
-3.800000E+3	-9.445560E-4	-7.971733E-4	1.235990E-3	-1.398368E+2	1.705860E+4	3.301480E+2	2.877260E+2	0.000000E+0	
-3.900000E+3	-9.438828E-4	-7.968235E-4	1.235250E-3	-1.398290E+2	1.705860E+4	3.301480E+2	2.877190E+2	0.000000E+0	
-4.000000E+3	-9.435811E-4	-7.965974E-4	1.234874E-3	-1.398280E+2	1.705860E+4	3.301480E+2	2.877240E+2	0.000000E+0	
-4.100000E+3	-9.431773E-4	-7.963325E-4	1.234394E-3	-1.398253E+2	1.705860E+4	3.301480E+2	2.877200E+2	0.000000E+0	
-4.200000E+3	-9.431767E-4	-7.963814E-4	1.234425E-3	-1.398236E+2	1.705860E+4	3.301480E+2	2.877240E+2	0.000000E+0	
-4.300000E+3	-9.431772E-4	-7.964202E-4	1.234451E-3	-1.398222E+2	1.705860E+4	3.301480E+2	2.877230E+2	0.000000E+0	
-4.400000E+3	-9.434425E-4	-7.965985E-4	1.234768E-3	-1.398238E+2	1.705860E+4	3.301480E+2	2.877220E+2	0.000000E+0	
-4.500000E+3	-9.437967E-4	-7.967339E-4	1.235126E-3	-1.398296E+2	1.705860E+4	3.301480E+2	2.877270E+2	0.000000E+0	
-4.600000E+3	-9.443248E-4	-7.969113E-4	1.235644E-3	-1.398391E+2	1.705860E+4	3.301480E+2	2.877300E+2	0.000000E+0	
-4.700000E+3	-9.449970E-4	-7.973531E-4	1.236443E-3	-1.398436E+2	1.705860E+4	3.301480E+2	2.877230E+2	0.000000E+0	
-4.800000E+3	-9.458804E-4	-7.979683E-4	1.237515E-3	-1.398482E+2	1.705860E+4	3.301480E+2	2.877250E+2	0.000000E+0	
-4.900000E+3	-9.469360E-4	-7.984003E-4	1.238600E-3	-1.398644E+2	1.705860E+4	3.301480E+2	2.877300E+2	0.000000E+0	
-5.000000E+3	-9.477094E-4	-7.989310E-4	1.239534E-3	-1.398687E+2	1.705860E+4	3.301480E+2	2.877300E+2	0.000000E+0	
-5.100000E+3	-9.487646E-4	-7.995982E-4	1.240771E-3	-1.398765E+2	1.705860E+4	3.301480E+2	2.877300E+2	0.000000E+0	
-5.200000E+3	-9.496451E-4	-8.000363E-4	1.241726E-3	-1.398873E+2	1.705860E+4	3.301480E+2	2.877260E+2	0.000000E+0	
-5.300000E+3	-9.504932E-4	-8.004751E-4	1.242658E-3	-1.398970E+2	1.705860E+4	3.301480E+2	2.877260E+2	0.000000E+0	
-5.400000E+3	-9.511969E-4	-8.010011E-4	1.243535E-3	-1.398993E+2	1.705860E+4	3.301480E+2	2.877250E+2	0.000000E+0	
-5.500000E+3	-9.518994E-4	-8.013518E-4	1.244298E-3	-1.399078E+2	1.705860E+4	3.301480E+2	2.877100E+2	0.000000E+0	
-5.600000E+3	-9.526054E-4	-8.018797E-4	1.245178E-3	-1.399102E+2	1.705860E+4	3.301480E+2	2.877220E+2	0.000000E+0	
-5.700000E+3	-9.531908E-4	-8.021954E-4	1.245829E-3	-1.399164E+2	1.705860E+4	3.301480E+2	2.877250E+2	0.000000E+0	
-5.800000E+3	-9.538098E-4	-8.027209E-4	1.246641E-3	-1.399162E+2	1.705860E+4	3.301480E+2	2.877230E+2	0.000000E+0	
-5.900000E+3	-9.545937E-4	-8.032498E-4	1.247581E-3	-1.399208E+2	1.705860E+4	3.301480E+2	2.877150E+2	0.000000E+0	
-6.000000E+3	-9.553911E-4	-8.036875E-4	1.248473E-3	-1.399290E+2	1.705860E+4	3.301480E+2	2.877270E+2	0.000000E+0	
-6.100000E+3	-9.564174E-4	-8.042143E-4	1.249598E-3	-1.399408E+2	1.705860E+4	3.301480E+2	2.877210E+2	0.000000E+0	
-6.200000E+3	-9.573802E-4	-8.049210E-4	1.250790E-3	-1.399444E+2	1.705860E+4	3.301480E+2	2.877150E+2	0.000000E+0	
-6.300000E+3	-9.585990E-4	-8.055387E-4	1.252120E-3	-1.399587E+2	1.705860E+4	3.301480E+2	2.877210E+2	0.000000E+0	
-6.400000E+3	-9.596537E-4	-8.062451E-4	1.253382E-3	-1.399650E+2	1.705860E+4	3.301480E+2	2.877180E+2	0.000000E+0	
-6.500000E+3	-9.609700E-4	-8.069414E-4	1.254838E-3	-1.399793E+2	1.705860E+4	3.301480E+2	2.877340E+2	0.000000E+0	
-6.600000E+3	-9.618193E-4	-8.073831E-4	1.255772E-3	-1.399888E+2	1.705860E+4	3.301480E+2	2.877300E+2	0.000000E+0	
-6.700000E+3	-9.628737E-4	-8.078709E-4	1.256893E-3	-1.400027E+2	1.705860E+4	3.301480E+2	2.877230E+2	0.000000E+0	
-6.800000E+3	-9.635780E-4	-8.082229E-4	1.257659E-3	-1.400110E+2	1.705860E+4	3.301480E+2	2.877140E+2	0.000000E+0	
-6.900000E+3	-9.641706E-4	-8.084906E-4	1.258285E-3	-1.400190E+2	1.705860E+4	3.301480E+2	2.877240E+2	0.000000E+0	
-7.000000E+3	-9.644303E-4	-8.086686E-4	1.258599E-3	-1.400204E+2	1.705860E+4	3.301480E+2	2.877270E+2	0.000000E+0	
-7.100000E+3	-9.647825E-4	-8.089297E-4	1.259036E-3	-1.400216E+2	1.705860E+4	3.301480E+2	2.877240E+2	0.000000E+0	
-7.200000E+3	-9.647813E-4	-8.090181E-4	1.259092E-3	-1.400185E+2	1.705860E+4	3.301480E+2	2.877190E+2	0.000000E+0	
-7.300000E+3	-9.648757E-4	-8.089281E-4	1.259107E-3	-1.400244E+2	1.705860E+4	3.301480E+2	2.877200E+2	0.000000E+0	
-7.400000E+3	-9.646957E-4	-8.088400E-4	1.258912E-3	-1.400222E+2	1.705860E+4	3.301480E+2	2.877210E+2	0.000000E+0	
-7.500000E+3	-9.643409E-4	-8.086677E-4	1.258530E-3	-1.400178E+2	1.705860E+4	3.301480E+2	2.877250E+2	0.000000E+0	
-7.600000E+3	-9.638467E-4	-8.084032E-4	1.257981E-3	-1.400126E+2	1.705860E+4	3.301480E+2	2.877250E+2	0.000000E+0	
-7.700000E+3	-9.632282E-4	-8.077848E-4	1.257110E-3	-1.400161E+2	1.705860E+4	3.301480E+2	2.877210E+2	0.000000E+0	
-7.800000E+3	-9.624618E-4	-8.075609E-4	1.256379E-3	-1.400014E+2	1.705860E+4	3.301480E+2	2.877300E+2	0.000000E+0	
-7.900000E+3	-9.613837E-4	-8.068531E-4	1.255098E-3	-1.399945E+2	1.705860E+4	3.301480E+2	2.877250E+2	0.000000E+0	
-8.000000E+3	-9.606167E-4	-8.063287E-4	1.254173E-3	-1.399904E+2	1.705860E+4	3.301480E+2	2.877220E+2	0.000000E+0	
-8.100000E+3	-9.596526E-4	-8.058935E-4	1.253155E-3	-1.399773E+2	1.705860E+4	3.301480E+2	2.877210E+2	0.000000E+0	
-8.200000E+3	-9.588573E-4	-8.053624E-4	1.252204E-3	-1.399725E+2	1.705860E+4	3.301480E+2	2.877290E+2	0.000000E+0	
-8.300000E+3	-9.581721E-4	-8.049221E-4	1.251397E-3	-1.399677E+2	1.705860E+4	3.301480E+2	2.877310E+2	0.000000E+0	
-8.400000E+3	-9.575575E-4	-8.048316E-4	1.250868E-3	-1.399528E+2	1.705860E+4	3.301480E+2	2.877260E+2	0.000000E+0	
-8.500000E+3	-9.570272E-4	-8.044799E-4	1.250236E-3	-1.399495E+2	1.705860E+4	3.301480E+2	2.877230E+2	0.000000E+0	
-8.600000E+3	-9.565924E-4	-8.041238E-4	1.249674E-3	-1.399492E+2	1.705860E+4	3.301480E+2	2.877140E+2	0.000000E+0	
-8.700000E+3	-9.562424E-4	-8.039500E-4	1.249294E-3	-1.399449E+2	1.705860E+4	3.301480E+2	2.877270E+2	0.000000E+0	
-8.800000E+3	-9.559725E-4	-8.037738E-4	1.248974E-3	-1.399432E+2	1.705860E+4	3.301480E+2	2.877250E+2	0.000000E+0	
-8.900000E+3	-9.556221E-4	-8.035142E-4	1.248539E-3	-1.399419E+2	1.705860E+4	3.301480E+2	2.877220E+2	0.000000E+0	
-9.000000E+3	-9.552983E-4	-8.034295E-4	1.248236E-3	-1.399353E+2	1.705860E+4	3.301480E+2	2.877310E+2	0.000000E+0	
-9.100000E+3	-9.550385E-4	-8.033399E-4	1.247980E-3	-1.399308E+2	1.705860E+4	3.301480E+2	2.877330E+2	0.000000E+0	
-9.200000E+3	-9.548640E-4	-8.032503E-4	1.247789E-3	-1.399288E+2	1.705860E+4	3.301480E+2	2.877300E+2	0.000000E+0	
-9.300000E+3	-9.545087E-4	-8.032487E-4	1.247516E-3	-1.399183E+2	1.705860E+4	3.301480E+2	2.877330E+2	0.000000E+0	
-9.400000E+3	-9.544195E-4	-8.030752E-4	1.247336E-3	-1.399218E+2	1.705860E+4	3.301480E+2	2.877330E+2	0.000000E+0	
-9.500000E+3	-9.544198E-4	-8.029001E-4	1.247223E-3	-1.399280E+2	1.705860E+4	3.301480E+2	2.877220E+2	0.000000E+0	
-9.600000E+3	-9.543358E-4	-8.028068E-4	1.247099E-3	-1.399288E+2	1.705860E+4	3.301480E+2	2.877370E+2	0.000000E+0	
-9.700000E+3	-9.542447E-4	-8.028083E-4	1.247030E-3	-1.399260E+2	1.705860E+4	3.301480E+2	2.877250E+2	0.000000E+0	
-9.800000E+3	-9.541611E-4	-8.027204E-4	1.246910E-3	-1.399266E+2	1.705860E+4	3.301480E+2	2.877210E+2	0.000000E+0	
-9.900000E+3	-9.540700E-4	-8.026316E-4	1.246783E-3	-1.399271E+2	1.705860E+4	3.301480E+2	2.877300E+2	0.000000E+0	
-1.000000E+4	-9.540698E-4	-8.027938E-4	1.246887E-3	-1.399214E+2	1.705860E+4	3.301480E+2	2.877280E+2	0.000000E+0	
-1.010000E+4	-9.540691E-4	-8.027199E-4	1.246839E-3	-1.399239E+2	1.705860E+4	3.301480E+2	2.877190E+2	0.000000E+0	
-1.020000E+4	-9.539814E-4	-8.027163E-4	1.246769E-3	-1.399215E+2	1.705860E+4	3.301480E+2	2.877270E+2	0.000000E+0	
-1.030000E+4	-9.540700E-4	-8.027204E-4	1.246840E-3	-1.399239E+2	1.705860E+4	3.301480E+2	2.877250E+2	0.000000E+0	
-1.040000E+4	-9.539849E-4	-8.027809E-4	1.246814E-3	-1.399193E+2	1.705860E+4	3.301480E+2	2.877340E+2	0.000000E+0	
-1.050000E+4	-9.539828E-4	-8.027182E-4	1.246772E-3	-1.399214E+2	1.705860E+4	3.301480E+2	2.877290E+2	0.000000E+0	
-1.060000E+4	-9.539823E-4	-8.027207E-4	1.246773E-3	-1.399213E+2	1.705860E+4	3.301480E+2	2.877210E+2	0.000000E+0	
-1.070000E+4	-9.539835E-4	-8.028106E-4	1.246832E-3	-1.399182E+2	1.705860E+4	3.301480E+2	2.877310E+2	0.000000E+0	
-1.080000E+4	-9.538905E-4	-8.028112E-4	1.246761E-3	-1.399154E+2	1.705860E+4	3.301480E+2	2.877350E+2	0.000000E+0	
-1.090000E+4	-9.538908E-4	-8.027207E-4	1.246703E-3	-1.399186E+2	1.705860E+4	3.301480E+2	2.877330E+2	0.000000E+0	
-1.100000E+4	-9.538942E-4	-8.028086E-4	1.246762E-3	-1.399156E+2	1.705860E+4	3.301480E+2	2.877340E+2	0.000000E+0	
