	
	Sensitivity=50 mV/nA,, Reserve=Normal,, Time Constant=100ms,, Low Pass Filter=24 dB/oct	
	Daten erstellt am: 	2018_10_05	
	***End of Header***
Stepwith 	Channel X LIA [V] 	Channel Y LIA [V] 	Amplitude LIA [V] 	Phase [°] 	Frequency [Hz] 	Temp Sensor 1 	Temp Sensor 2 	Current I [A]	Voltage over Resistance for Current [V] 
-1.000000E+2	-1.322563E-4	-2.467879E-3	2.471420E-3	-9.306761E+1	3.925480E+4	3.577600E+1	3.999800E+1	-4.619402E-2	-4.399430E-4
-2.000000E+2	-1.322493E-4	-2.465633E-3	2.469177E-3	-9.307024E+1	3.925480E+4	3.577900E+1	4.000200E+1	0.000000E+0	
-3.000000E+2	-1.323038E-4	-2.465629E-3	2.469176E-3	-9.307150E+1	3.925480E+4	3.577500E+1	4.000200E+1	0.000000E+0	
-4.000000E+2	-1.322913E-4	-2.465645E-3	2.469191E-3	-9.307119E+1	3.925480E+4	3.577700E+1	4.000200E+1	0.000000E+0	
-5.000000E+2	-1.323236E-4	-2.463406E-3	2.466958E-3	-9.307473E+1	3.925480E+4	3.577700E+1	4.000200E+1	0.000000E+0	
-6.000000E+2	-1.301783E-4	-2.463495E-3	2.466932E-3	-9.302486E+1	3.925480E+4	3.577600E+1	4.000100E+1	0.000000E+0	
-7.000000E+2	-1.302148E-4	-2.461273E-3	2.464715E-3	-9.302844E+1	3.925480E+4	3.577900E+1	4.000100E+1	0.000000E+0	
-8.000000E+2	-1.301753E-4	-2.461187E-3	2.464627E-3	-9.302763E+1	3.925480E+4	3.577700E+1	4.000200E+1	0.000000E+0	
-9.000000E+2	-1.301571E-4	-2.461241E-3	2.464680E-3	-9.302714E+1	3.925480E+4	3.577700E+1	4.000100E+1	0.000000E+0	
-1.000000E+3	-1.301304E-4	-2.461294E-3	2.464731E-3	-9.302645E+1	3.925480E+4	3.577800E+1	4.000100E+1	0.000000E+0	
-1.100000E+3	-1.301859E-4	-2.458985E-3	2.462429E-3	-9.303058E+1	3.925480E+4	3.577700E+1	4.000200E+1	0.000000E+0	
-1.200000E+3	-1.279372E-4	-2.458972E-3	2.462298E-3	-9.297834E+1	3.925480E+4	3.577700E+1	4.000100E+1	0.000000E+0	
-1.300000E+3	-1.279613E-4	-2.456750E-3	2.460081E-3	-9.298159E+1	3.925480E+4	3.577700E+1	4.000000E+1	0.000000E+0	
-1.400000E+3	-1.257759E-4	-2.456751E-3	2.459969E-3	-9.293076E+1	3.925480E+4	3.577700E+1	4.000200E+1	0.000000E+0	
-1.500000E+3	-1.257742E-4	-2.454541E-3	2.457761E-3	-9.293335E+1	3.925480E+4	3.577800E+1	4.000200E+1	0.000000E+0	
-1.600000E+3	-1.235094E-4	-2.452287E-3	2.455395E-3	-9.288327E+1	3.925480E+4	3.577900E+1	4.000100E+1	0.000000E+0	
-1.700000E+3	-1.213903E-4	-2.450179E-3	2.453184E-3	-9.283631E+1	3.925480E+4	3.578400E+1	4.000100E+1	0.000000E+0	
-1.800000E+3	-1.213322E-4	-2.447943E-3	2.450948E-3	-9.283754E+1	3.925480E+4	3.578000E+1	4.000000E+1	0.000000E+0	
-1.900000E+3	-1.169599E-4	-2.443608E-3	2.446406E-3	-9.274029E+1	3.925480E+4	3.577500E+1	4.000100E+1	0.000000E+0	
-2.000000E+3	-1.147241E-4	-2.439288E-3	2.441984E-3	-9.269274E+1	3.925480E+4	3.577900E+1	4.000000E+1	0.000000E+0	
-2.100000E+3	-1.102686E-4	-2.432795E-3	2.435292E-3	-9.259521E+1	3.925480E+4	3.577600E+1	4.000100E+1	0.000000E+0	
-2.200000E+3	-1.058931E-4	-2.428400E-3	2.430707E-3	-9.249686E+1	3.925480E+4	3.577800E+1	4.000100E+1	0.000000E+0	
-2.300000E+3	-1.015553E-4	-2.419488E-3	2.421618E-3	-9.240351E+1	3.925480E+4	3.577700E+1	4.000100E+1	0.000000E+0	
-2.400000E+3	-9.572202E-5	-2.410757E-3	2.412657E-3	-9.227380E+1	3.925480E+4	3.577800E+1	4.000100E+1	0.000000E+0	
-2.500000E+3	-8.696872E-5	-2.399662E-3	2.401237E-3	-9.207561E+1	3.925480E+4	3.577700E+1	4.000200E+1	0.000000E+0	
-2.600000E+3	-7.585832E-5	-2.386374E-3	2.387579E-3	-9.182071E+1	3.925480E+4	3.577600E+1	4.000100E+1	0.000000E+0	
-2.700000E+3	-6.063512E-5	-2.362392E-3	2.363170E-3	-9.147028E+1	3.925480E+4	3.577400E+1	4.000100E+1	0.000000E+0	
-2.800000E+3	-4.304168E-5	-2.339109E-3	2.339505E-3	-9.105417E+1	3.925480E+4	3.577800E+1	4.000100E+1	0.000000E+0	
-2.900000E+3	-9.679222E-6	-2.299599E-3	2.299619E-3	-9.024116E+1	3.925480E+4	3.577800E+1	4.000100E+1	0.000000E+0	
-3.000000E+3	1.882615E-5	-2.260940E-3	2.261018E-3	-8.952293E+1	3.925480E+4	3.577900E+1	4.000100E+1	0.000000E+0	
-3.100000E+3	5.994740E-5	-2.201537E-3	2.202354E-3	-8.844023E+1	3.925480E+4	3.577500E+1	4.000100E+1	0.000000E+0	
-3.200000E+3	9.671076E-5	-2.152100E-3	2.154272E-3	-8.742698E+1	3.925480E+4	3.578000E+1	4.000200E+1	0.000000E+0	
-3.300000E+3	1.495957E-4	-2.079405E-3	2.084779E-3	-8.588514E+1	3.925480E+4	3.577600E+1	4.000200E+1	0.000000E+0	
-3.400000E+3	1.905658E-4	-2.025452E-3	2.034397E-3	-8.462512E+1	3.925480E+4	3.577300E+1	4.000200E+1	0.000000E+0	
-3.500000E+3	2.432899E-4	-1.955642E-3	1.970717E-3	-8.290860E+1	3.925480E+4	3.577500E+1	4.000100E+1	0.000000E+0	
-3.600000E+3	2.762472E-4	-1.912122E-3	1.931973E-3	-8.177927E+1	3.925480E+4	3.577500E+1	4.000100E+1	0.000000E+0	
-3.700000E+3	3.129521E-4	-1.863380E-3	1.889477E-3	-8.046623E+1	3.925480E+4	3.577800E+1	4.000000E+1	0.000000E+0	
-3.800000E+3	3.342972E-4	-1.835514E-3	1.865708E-3	-7.967801E+1	3.925480E+4	3.577700E+1	4.000100E+1	0.000000E+0	
-3.900000E+3	3.543442E-4	-1.809346E-3	1.843717E-3	-7.891937E+1	3.925480E+4	3.578000E+1	4.000000E+1	0.000000E+0	
-4.000000E+3	3.649336E-4	-1.798180E-3	1.834838E-3	-7.852785E+1	3.925480E+4	3.577500E+1	4.000000E+1	0.000000E+0	
-4.100000E+3	3.672352E-4	-1.793837E-3	1.831042E-3	-7.843024E+1	3.925480E+4	3.577600E+1	4.000000E+1	0.000000E+0	
-4.200000E+3	3.628208E-4	-1.798176E-3	1.834414E-3	-7.859250E+1	3.925480E+4	3.577500E+1	3.999900E+1	0.000000E+0	
-4.300000E+3	3.518004E-4	-1.813604E-3	1.847410E-3	-7.902218E+1	3.925480E+4	3.578100E+1	4.000000E+1	0.000000E+0	
-4.400000E+3	3.342105E-4	-1.835477E-3	1.865656E-3	-7.968043E+1	3.925480E+4	3.577700E+1	4.000100E+1	0.000000E+0	
-4.500000E+3	3.060295E-4	-1.875293E-3	1.900100E-3	-8.073159E+1	3.925480E+4	3.577400E+1	4.000100E+1	0.000000E+0	
-4.600000E+3	2.734061E-4	-1.917421E-3	1.936816E-3	-8.188487E+1	3.925480E+4	3.577700E+1	4.000000E+1	0.000000E+0	
-4.700000E+3	2.279997E-4	-1.979767E-3	1.992853E-3	-8.343048E+1	3.925480E+4	3.577900E+1	4.000000E+1	0.000000E+0	
-4.800000E+3	1.845801E-4	-2.036289E-3	2.044637E-3	-8.482056E+1	3.925480E+4	3.578000E+1	3.999900E+1	0.000000E+0	
-4.900000E+3	1.309195E-4	-2.107796E-3	2.111858E-3	-8.644581E+1	3.925480E+4	3.577500E+1	3.999900E+1	0.000000E+0	
-5.000000E+3	9.064107E-5	-2.163048E-3	2.164946E-3	-8.760046E+1	3.925480E+4	3.577100E+1	4.000000E+1	0.000000E+0	
-5.100000E+3	4.128118E-5	-2.227929E-3	2.228312E-3	-8.893849E+1	3.925480E+4	3.577400E+1	4.000000E+1	0.000000E+0	
-5.200000E+3	5.595408E-6	-2.275327E-3	2.275333E-3	-8.985910E+1	3.925480E+4	3.577100E+1	4.000000E+1	0.000000E+0	
-5.300000E+3	-3.173041E-5	-2.324106E-3	2.324322E-3	-9.078220E+1	3.925480E+4	3.577700E+1	4.000000E+1	0.000000E+0	
-5.400000E+3	-5.843775E-5	-2.360170E-3	2.360893E-3	-9.141835E+1	3.925480E+4	3.577300E+1	3.999900E+1	0.000000E+0	
-5.500000E+3	-8.701608E-5	-2.401765E-3	2.403341E-3	-9.207492E+1	3.925480E+4	3.577600E+1	4.000000E+1	0.000000E+0	
-5.600000E+3	-1.126522E-4	-2.432752E-3	2.435359E-3	-9.265127E+1	3.925480E+4	3.577300E+1	4.000000E+1	0.000000E+0	
-5.700000E+3	-1.434103E-4	-2.477499E-3	2.481646E-3	-9.331288E+1	3.925480E+4	3.577600E+1	4.000000E+1	0.000000E+0	
-5.800000E+3	-1.693532E-4	-2.515121E-3	2.520816E-3	-9.385214E+1	3.925480E+4	3.577700E+1	4.000000E+1	0.000000E+0	
-5.900000E+3	-2.067573E-4	-2.569698E-3	2.578002E-3	-9.460010E+1	3.925480E+4	3.577800E+1	4.000100E+1	0.000000E+0	
-6.000000E+3	-2.433570E-4	-2.619171E-3	2.630452E-3	-9.530832E+1	3.925480E+4	3.577900E+1	4.000100E+1	0.000000E+0	
-6.100000E+3	-2.956914E-4	-2.688412E-3	2.704625E-3	-9.627658E+1	3.925480E+4	3.577500E+1	4.000100E+1	0.000000E+0	
-6.200000E+3	-3.415431E-4	-2.752443E-3	2.773553E-3	-9.707352E+1	3.925480E+4	3.577700E+1	3.999900E+1	0.000000E+0	
-6.300000E+3	-3.936043E-4	-2.823646E-3	2.850947E-3	-9.793565E+1	3.925480E+4	3.577600E+1	3.999900E+1	0.000000E+0	
-6.400000E+3	-4.413824E-4	-2.888301E-3	2.921832E-3	-9.868857E+1	3.925480E+4	3.577400E+1	4.000100E+1	0.000000E+0	
-6.500000E+3	-4.898757E-4	-2.955416E-3	2.995741E-3	-9.941150E+1	3.925480E+4	3.577800E+1	4.000000E+1	0.000000E+0	
-6.600000E+3	-5.264747E-4	-3.001240E-3	3.047067E-3	-9.994954E+1	3.925480E+4	3.577700E+1	4.000000E+1	0.000000E+0	
-6.700000E+3	-5.644570E-4	-3.049729E-3	3.101525E-3	-1.004859E+2	3.925480E+4	3.577600E+1	3.999900E+1	0.000000E+0	
-6.800000E+3	-5.874047E-4	-3.079735E-3	3.135253E-3	-1.007985E+2	3.925480E+4	3.577700E+1	3.999900E+1	0.000000E+0	
-6.900000E+3	-6.027830E-4	-3.101296E-3	3.159333E-3	-1.009991E+2	3.925480E+4	3.577800E+1	4.000000E+1	0.000000E+0	
-7.000000E+3	-6.138626E-4	-3.116698E-3	3.176576E-3	-1.011423E+2	3.925480E+4	3.577700E+1	4.000000E+1	0.000000E+0	
-7.100000E+3	-6.203224E-4	-3.123274E-3	3.184280E-3	-1.012335E+2	3.925480E+4	3.577500E+1	4.000100E+1	0.000000E+0	
-7.200000E+3	-6.203188E-4	-3.121120E-3	3.182167E-3	-1.012410E+2	3.925480E+4	3.577400E+1	4.000100E+1	0.000000E+0	
-7.300000E+3	-6.094121E-4	-3.107975E-3	3.167158E-3	-1.010938E+2	3.925480E+4	3.577600E+1	4.000100E+1	0.000000E+0	
-7.400000E+3	-5.939462E-4	-3.088646E-3	3.145236E-3	-1.008851E+2	3.925480E+4	3.577400E+1	4.000200E+1	0.000000E+0	
-7.500000E+3	-5.719977E-4	-3.053523E-3	3.106636E-3	-1.006099E+2	3.925480E+4	3.577300E+1	4.000000E+1	0.000000E+0	
-7.600000E+3	-5.418631E-4	-3.013458E-3	3.061788E-3	-1.001937E+2	3.925480E+4	3.577500E+1	4.000100E+1	0.000000E+0	
-7.700000E+3	-5.008948E-4	-2.957627E-3	2.999743E-3	-9.961223E+1	3.925480E+4	3.577600E+1	4.000100E+1	0.000000E+0	
-7.800000E+3	-4.587443E-4	-2.901060E-3	2.937106E-3	-9.898577E+1	3.925480E+4	3.577600E+1	4.000000E+1	0.000000E+0	
-7.900000E+3	-4.111725E-4	-2.835382E-3	2.865040E-3	-9.825122E+1	3.925480E+4	3.577600E+1	4.000100E+1	0.000000E+0	
-8.000000E+3	-3.723364E-4	-2.783108E-3	2.807904E-3	-9.762004E+1	3.925480E+4	3.577600E+1	4.000100E+1	0.000000E+0	
-8.100000E+3	-3.286153E-4	-2.724683E-3	2.744428E-3	-9.687704E+1	3.925480E+4	3.577500E+1	4.000100E+1	0.000000E+0	
-8.200000E+3	-2.968972E-4	-2.685105E-3	2.701469E-3	-9.630967E+1	3.925480E+4	3.577800E+1	4.000200E+1	0.000000E+0	
-8.300000E+3	-2.675399E-4	-2.643370E-3	2.656875E-3	-9.577932E+1	3.925480E+4	3.577400E+1	4.000100E+1	0.000000E+0	
-8.400000E+3	-2.476967E-4	-2.616974E-3	2.628670E-3	-9.540694E+1	3.925480E+4	3.577500E+1	4.000000E+1	0.000000E+0	
-8.500000E+3	-2.287028E-4	-2.591462E-3	2.601535E-3	-9.504342E+1	3.925480E+4	3.577200E+1	4.000000E+1	0.000000E+0	
-8.600000E+3	-2.154017E-4	-2.572233E-3	2.581236E-3	-9.478684E+1	3.925480E+4	3.577500E+1	4.000100E+1	0.000000E+0	
-8.700000E+3	-2.000597E-4	-2.552095E-3	2.559924E-3	-9.448227E+1	3.925480E+4	3.577500E+1	4.000100E+1	0.000000E+0	
-8.800000E+3	-1.892108E-4	-2.539311E-3	2.546351E-3	-9.426139E+1	3.925480E+4	3.577400E+1	4.000000E+1	0.000000E+0	
-8.900000E+3	-1.803103E-4	-2.526101E-3	2.532528E-3	-9.408279E+1	3.925480E+4	3.577600E+1	4.000000E+1	0.000000E+0	
-9.000000E+3	-1.736392E-4	-2.515093E-3	2.521080E-3	-9.394937E+1	3.925480E+4	3.577600E+1	4.000000E+1	0.000000E+0	
-9.100000E+3	-1.648556E-4	-2.506478E-3	2.511894E-3	-9.376303E+1	3.925480E+4	3.577500E+1	4.000100E+1	0.000000E+0	
-9.200000E+3	-1.631356E-4	-2.499878E-3	2.505196E-3	-9.373368E+1	3.925480E+4	3.577700E+1	4.000100E+1	0.000000E+0	
-9.300000E+3	-1.587348E-4	-2.493236E-3	2.498284E-3	-9.364289E+1	3.925480E+4	3.577400E+1	4.000000E+1	0.000000E+0	
-9.400000E+3	-1.543985E-4	-2.488843E-3	2.493628E-3	-9.354987E+1	3.925480E+4	3.577400E+1	4.000100E+1	0.000000E+0	
-9.500000E+3	-1.522103E-4	-2.484491E-3	2.489149E-3	-9.350580E+1	3.925480E+4	3.577800E+1	3.999900E+1	0.000000E+0	
-9.600000E+3	-1.499657E-4	-2.482230E-3	2.486756E-3	-9.345736E+1	3.925480E+4	3.577600E+1	3.999900E+1	0.000000E+0	
-9.700000E+3	-1.478023E-4	-2.480062E-3	2.484462E-3	-9.341058E+1	3.925480E+4	3.577400E+1	3.999900E+1	0.000000E+0	
-9.800000E+3	-1.455349E-4	-2.477119E-3	2.481390E-3	-9.336236E+1	3.925480E+4	3.577500E+1	4.000000E+1	0.000000E+0	
-9.900000E+3	-1.433790E-4	-2.474410E-3	2.478560E-3	-9.331628E+1	3.925480E+4	3.577500E+1	4.000200E+1	0.000000E+0	
-1.000000E+4	-1.434008E-4	-2.474390E-3	2.478542E-3	-9.331681E+1	3.925480E+4	3.577400E+1	4.000200E+1	0.000000E+0	
-1.010000E+4	-1.411125E-4	-2.472212E-3	2.476236E-3	-9.326687E+1	3.925480E+4	3.577600E+1	4.000100E+1	0.000000E+0	
-1.020000E+4	-1.411317E-4	-2.472181E-3	2.476206E-3	-9.326735E+1	3.925480E+4	3.577600E+1	4.000100E+1	0.000000E+0	
-1.030000E+4	-1.410968E-4	-2.472218E-3	2.476241E-3	-9.326650E+1	3.925480E+4	3.577600E+1	4.000000E+1	0.000000E+0	
-1.040000E+4	-1.390069E-4	-2.470022E-3	2.473930E-3	-9.322107E+1	3.925480E+4	3.577700E+1	4.000000E+1	0.000000E+0	
-1.050000E+4	-1.390437E-4	-2.467847E-3	2.471761E-3	-9.322476E+1	3.925480E+4	3.577300E+1	4.000000E+1	0.000000E+0	
-1.060000E+4	-1.390038E-4	-2.467892E-3	2.471803E-3	-9.322377E+1	3.925480E+4	3.577500E+1	3.999900E+1	0.000000E+0	
-1.070000E+4	-1.390160E-4	-2.467908E-3	2.471820E-3	-9.322404E+1	3.925480E+4	3.577700E+1	4.000100E+1	0.000000E+0	
-1.080000E+4	-1.367635E-4	-2.467894E-3	2.471680E-3	-9.317192E+1	3.925480E+4	3.577900E+1	4.000200E+1	0.000000E+0	
-1.090000E+4	-1.367352E-4	-2.467928E-3	2.471713E-3	-9.317122E+1	3.925480E+4	3.577700E+1	4.000000E+1	0.000000E+0	
-1.100000E+4	-1.367143E-4	-2.465708E-3	2.469495E-3	-9.317359E+1	3.925480E+4	3.577600E+1	4.000000E+1	0.000000E+0	
