	
	Sensitivity=20 mV/nA,, Reserve=Normal,, Time Constant=100ms,, Low Pass Filter=24 dB/oct	
	Daten erstellt am: 	2018_10_05	
	***End of Header***
Stepwith 	Channel X LIA [V] 	Channel Y LIA [V] 	Amplitude LIA [V] 	Phase [°] 	Frequency [Hz] 	Temp Sensor 1 	Temp Sensor 2 	Current I [A]	Voltage over Resistance for Current [V] 
-1.000000E+2	-9.778888E-4	-1.641280E-3	1.910515E-3	-1.207868E+2	2.462920E+4	4.747800E+1	5.500000E+1	-4.949568E-2	-4.713875E-4
-2.000000E+2	-9.778898E-4	-1.641285E-3	1.910519E-3	-1.207868E+2	2.462920E+4	4.747900E+1	5.500000E+1	0.000000E+0	
-3.000000E+2	-9.770102E-4	-1.640394E-3	1.909304E-3	-1.207778E+2	2.462920E+4	4.747800E+1	5.500000E+1	0.000000E+0	
-4.000000E+2	-9.770147E-4	-1.641251E-3	1.910042E-3	-1.207648E+2	2.462920E+4	4.748300E+1	5.500100E+1	0.000000E+0	
-5.000000E+2	-9.770173E-4	-1.640421E-3	1.909331E-3	-1.207776E+2	2.462920E+4	4.748900E+1	5.500100E+1	0.000000E+0	
-6.000000E+2	-9.761213E-4	-1.639534E-3	1.908111E-3	-1.207681E+2	2.462920E+4	4.748300E+1	5.500100E+1	0.000000E+0	
-7.000000E+2	-9.752724E-4	-1.638633E-3	1.906902E-3	-1.207600E+2	2.462920E+4	4.748500E+1	5.500100E+1	0.000000E+0	
-8.000000E+2	-9.752573E-4	-1.638638E-3	1.906898E-3	-1.207596E+2	2.462920E+4	4.747200E+1	5.499900E+1	0.000000E+0	
-9.000000E+2	-9.752872E-4	-1.638634E-3	1.906911E-3	-1.207604E+2	2.462920E+4	4.748300E+1	5.500000E+1	0.000000E+0	
-1.000000E+3	-9.743611E-4	-1.638613E-3	1.906419E-3	-1.207368E+2	2.462920E+4	4.747800E+1	5.500000E+1	0.000000E+0	
-1.100000E+3	-9.734859E-4	-1.637748E-3	1.905228E-3	-1.207275E+2	2.462920E+4	4.748500E+1	5.500000E+1	0.000000E+0	
-1.200000E+3	-9.743427E-4	-1.637752E-3	1.905669E-3	-1.207496E+2	2.462920E+4	4.749200E+1	5.500200E+1	0.000000E+0	
-1.300000E+3	-9.734781E-4	-1.636882E-3	1.904480E-3	-1.207406E+2	2.462920E+4	4.749100E+1	5.500000E+1	0.000000E+0	
-1.400000E+3	-9.725799E-4	-1.636870E-3	1.904010E-3	-1.207175E+2	2.462920E+4	4.748100E+1	5.500100E+1	0.000000E+0	
-1.500000E+3	-9.717434E-4	-1.635991E-3	1.902828E-3	-1.207094E+2	2.462920E+4	4.748400E+1	5.500100E+1	0.000000E+0	
-1.600000E+3	-9.708123E-4	-1.635118E-3	1.901602E-3	-1.206987E+2	2.462920E+4	4.748500E+1	5.500000E+1	0.000000E+0	
-1.700000E+3	-9.691589E-4	-1.634211E-3	1.899978E-3	-1.206698E+2	2.462920E+4	4.748300E+1	5.499900E+1	0.000000E+0	
-1.800000E+3	-9.682259E-4	-1.632446E-3	1.897983E-3	-1.206728E+2	2.462920E+4	4.748700E+1	5.500100E+1	0.000000E+0	
-1.900000E+3	-9.664604E-4	-1.631570E-3	1.896329E-3	-1.206404E+2	2.462920E+4	4.748000E+1	5.500000E+1	0.000000E+0	
-2.000000E+3	-9.638150E-4	-1.628964E-3	1.892739E-3	-1.206117E+2	2.462920E+4	4.748100E+1	5.500000E+1	0.000000E+0	
-2.100000E+3	-9.611963E-4	-1.627137E-3	1.889834E-3	-1.205716E+2	2.462920E+4	4.748800E+1	5.500000E+1	0.000000E+0	
-2.200000E+3	-9.576768E-4	-1.624523E-3	1.885794E-3	-1.205199E+2	2.462920E+4	4.749800E+1	5.500000E+1	0.000000E+0	
-2.300000E+3	-9.541692E-4	-1.620968E-3	1.880951E-3	-1.204828E+2	2.462920E+4	4.749300E+1	5.500100E+1	0.000000E+0	
-2.400000E+3	-9.490228E-4	-1.614815E-3	1.873038E-3	-1.204426E+2	2.462920E+4	4.749200E+1	5.500000E+1	0.000000E+0	
-2.500000E+3	-9.428768E-4	-1.610504E-3	1.866210E-3	-1.203470E+2	2.462920E+4	4.748600E+1	5.500100E+1	0.000000E+0	
-2.600000E+3	-9.336089E-4	-1.600770E-3	1.853130E-3	-1.202518E+2	2.462920E+4	4.749300E+1	5.500100E+1	0.000000E+0	
-2.700000E+3	-9.220960E-4	-1.592335E-3	1.840052E-3	-1.200745E+2	2.462920E+4	4.749400E+1	5.500000E+1	0.000000E+0	
-2.800000E+3	-9.069405E-4	-1.577542E-3	1.819665E-3	-1.198949E+2	2.462920E+4	4.748100E+1	5.500100E+1	0.000000E+0	
-2.900000E+3	-8.893969E-4	-1.562547E-3	1.797938E-3	-1.196484E+2	2.462920E+4	4.748400E+1	5.500200E+1	0.000000E+0	
-3.000000E+3	-8.618044E-4	-1.539128E-3	1.763979E-3	-1.192458E+2	2.462920E+4	4.748800E+1	5.500000E+1	0.000000E+0	
-3.100000E+3	-8.394165E-4	-1.518155E-3	1.734766E-3	-1.189390E+2	2.462920E+4	4.748600E+1	5.500100E+1	0.000000E+0	
-3.200000E+3	-8.064676E-4	-1.490856E-3	1.695005E-3	-1.184109E+2	2.462920E+4	4.748800E+1	5.499900E+1	0.000000E+0	
-3.300000E+3	-7.799222E-4	-1.470203E-3	1.664264E-3	-1.179453E+2	2.462920E+4	4.748600E+1	5.500100E+1	0.000000E+0	
-3.400000E+3	-7.525883E-4	-1.444026E-3	1.628374E-3	-1.175273E+2	2.462920E+4	4.748600E+1	5.500000E+1	0.000000E+0	
-3.500000E+3	-7.301023E-4	-1.425012E-3	1.601158E-3	-1.171283E+2	2.462920E+4	4.748500E+1	5.500000E+1	0.000000E+0	
-3.600000E+3	-7.099030E-4	-1.406714E-3	1.575693E-3	-1.167779E+2	2.462920E+4	4.748800E+1	5.500000E+1	0.000000E+0	
-3.700000E+3	-6.944917E-4	-1.395086E-3	1.558391E-3	-1.164647E+2	2.462920E+4	4.748700E+1	5.500000E+1	0.000000E+0	
-3.800000E+3	-6.839753E-4	-1.385451E-3	1.545088E-3	-1.162748E+2	2.462920E+4	4.748000E+1	5.499900E+1	0.000000E+0	
-3.900000E+3	-6.781257E-4	-1.381055E-3	1.538561E-3	-1.161520E+2	2.462920E+4	4.748800E+1	5.499900E+1	0.000000E+0	
-4.000000E+3	-6.760805E-4	-1.379285E-3	1.536070E-3	-1.161126E+2	2.462920E+4	4.748100E+1	5.499900E+1	0.000000E+0	
-4.100000E+3	-6.769088E-4	-1.380185E-3	1.537243E-3	-1.161255E+2	2.462920E+4	4.749200E+1	5.500000E+1	0.000000E+0	
-4.200000E+3	-6.839346E-4	-1.386362E-3	1.545887E-3	-1.162585E+2	2.462920E+4	4.748800E+1	5.500000E+1	0.000000E+0	
-4.300000E+3	-6.936209E-4	-1.394201E-3	1.557211E-3	-1.164505E+2	2.462920E+4	4.748500E+1	5.500000E+1	0.000000E+0	
-4.400000E+3	-7.109073E-4	-1.409231E-3	1.578392E-3	-1.167693E+2	2.462920E+4	4.748700E+1	5.499900E+1	0.000000E+0	
-4.500000E+3	-7.301388E-4	-1.426710E-3	1.602687E-3	-1.171017E+2	2.462920E+4	4.748800E+1	5.500000E+1	0.000000E+0	
-4.600000E+3	-7.564488E-4	-1.450135E-3	1.635575E-3	-1.175484E+2	2.462920E+4	4.748500E+1	5.499900E+1	0.000000E+0	
-4.700000E+3	-7.816943E-4	-1.471099E-3	1.665887E-3	-1.179847E+2	2.462920E+4	4.749300E+1	5.500000E+1	0.000000E+0	
-4.800000E+3	-8.157719E-4	-1.500554E-3	1.707965E-3	-1.185306E+2	2.462920E+4	4.749200E+1	5.500100E+1	0.000000E+0	
-4.900000E+3	-8.409086E-4	-1.521671E-3	1.738565E-3	-1.189260E+2	2.462920E+4	4.749300E+1	5.500000E+1	0.000000E+0	
-5.000000E+3	-8.681709E-4	-1.545907E-3	1.773006E-3	-1.193183E+2	2.462920E+4	4.748000E+1	5.500000E+1	0.000000E+0	
-5.100000E+3	-8.905306E-4	-1.564313E-3	1.800033E-3	-1.196520E+2	2.462920E+4	4.749100E+1	5.500000E+1	0.000000E+0	
-5.200000E+3	-9.132908E-4	-1.584483E-3	1.828848E-3	-1.199590E+2	2.462920E+4	4.749400E+1	5.500000E+1	0.000000E+0	
-5.300000E+3	-9.306020E-4	-1.599410E-3	1.850441E-3	-1.201926E+2	2.462920E+4	4.748800E+1	5.500100E+1	0.000000E+0	
-5.400000E+3	-9.489733E-4	-1.615700E-3	1.873776E-3	-1.204276E+2	2.462920E+4	4.749400E+1	5.500000E+1	0.000000E+0	
-5.500000E+3	-9.638305E-4	-1.628086E-3	1.891992E-3	-1.206256E+2	2.462920E+4	4.749000E+1	5.500000E+1	0.000000E+0	
-5.600000E+3	-9.819629E-4	-1.644778E-3	1.915606E-3	-1.208380E+2	2.462920E+4	4.748200E+1	5.499900E+1	0.000000E+0	
-5.700000E+3	-1.003110E-3	-1.662876E-3	1.942006E-3	-1.211000E+2	2.462920E+4	4.748900E+1	5.500100E+1	0.000000E+0	
-5.800000E+3	-1.022909E-3	-1.680935E-3	1.967710E-3	-1.213220E+2	2.462920E+4	4.749600E+1	5.500000E+1	0.000000E+0	
-5.900000E+3	-1.045314E-3	-1.700427E-3	1.996030E-3	-1.215806E+2	2.462920E+4	4.750200E+1	5.499900E+1	0.000000E+0	
-6.000000E+3	-1.075753E-3	-1.727258E-3	2.034862E-3	-1.219151E+2	2.462920E+4	4.749400E+1	5.500000E+1	0.000000E+0	
-6.100000E+3	-1.103450E-3	-1.751338E-3	2.069973E-3	-1.222134E+2	2.462920E+4	4.748500E+1	5.500000E+1	0.000000E+0	
-6.200000E+3	-1.135345E-3	-1.779661E-3	2.110972E-3	-1.225361E+2	2.462920E+4	4.749200E+1	5.500000E+1	0.000000E+0	
-6.300000E+3	-1.164991E-3	-1.803930E-3	2.147409E-3	-1.228547E+2	2.462920E+4	4.749300E+1	5.500100E+1	0.000000E+0	
-6.400000E+3	-1.195373E-3	-1.830756E-3	2.186455E-3	-1.231421E+2	2.462920E+4	4.749700E+1	5.499900E+1	0.000000E+0	
-6.500000E+3	-1.215566E-3	-1.848304E-3	2.212200E-3	-1.233315E+2	2.462920E+4	4.749100E+1	5.499900E+1	0.000000E+0	
-6.600000E+3	-1.236381E-3	-1.865903E-3	2.238355E-3	-1.235292E+2	2.462920E+4	4.749800E+1	5.499900E+1	0.000000E+0	
-6.700000E+3	-1.251316E-3	-1.877857E-3	2.256576E-3	-1.236776E+2	2.462920E+4	4.749600E+1	5.500100E+1	0.000000E+0	
-6.800000E+3	-1.262466E-3	-1.888262E-3	2.271421E-3	-1.237661E+2	2.462920E+4	4.749400E+1	5.500100E+1	0.000000E+0	
-6.900000E+3	-1.269511E-3	-1.892748E-3	2.279068E-3	-1.238507E+2	2.462920E+4	4.749500E+1	5.500100E+1	0.000000E+0	
-7.000000E+3	-1.272126E-3	-1.895372E-3	2.282705E-3	-1.238685E+2	2.462920E+4	4.749400E+1	5.499900E+1	0.000000E+0	
-7.100000E+3	-1.272110E-3	-1.895410E-3	2.282727E-3	-1.238677E+2	2.462920E+4	4.749600E+1	5.499900E+1	0.000000E+0	
-7.200000E+3	-1.267749E-3	-1.890602E-3	2.276305E-3	-1.238440E+2	2.462920E+4	4.749600E+1	5.499900E+1	0.000000E+0	
-7.300000E+3	-1.258074E-3	-1.882224E-3	2.263960E-3	-1.237587E+2	2.462920E+4	4.750000E+1	5.499900E+1	0.000000E+0	
-7.400000E+3	-1.242506E-3	-1.868810E-3	2.244164E-3	-1.236185E+2	2.462920E+4	4.750100E+1	5.500000E+1	0.000000E+0	
-7.500000E+3	-1.224398E-3	-1.852736E-3	2.220761E-3	-1.234591E+2	2.462920E+4	4.749100E+1	5.500000E+1	0.000000E+0	
-7.600000E+3	-1.200605E-3	-1.831646E-3	2.190064E-3	-1.232440E+2	2.462920E+4	4.749800E+1	5.500000E+1	0.000000E+0	
-7.700000E+3	-1.175509E-3	-1.811742E-3	2.159683E-3	-1.229766E+2	2.462920E+4	4.749800E+1	5.500100E+1	0.000000E+0	
-7.800000E+3	-1.145673E-3	-1.784934E-3	2.120980E-3	-1.226947E+2	2.462920E+4	4.748800E+1	5.500000E+1	0.000000E+0	
-7.900000E+3	-1.121927E-3	-1.764252E-3	2.090766E-3	-1.224532E+2	2.462920E+4	4.749100E+1	5.500000E+1	0.000000E+0	
-8.000000E+3	-1.097900E-3	-1.742268E-3	2.059340E-3	-1.222173E+2	2.462920E+4	4.748600E+1	5.499900E+1	0.000000E+0	
-8.100000E+3	-1.077937E-3	-1.726401E-3	2.035291E-3	-1.219800E+2	2.462920E+4	4.750000E+1	5.499800E+1	0.000000E+0	
-8.200000E+3	-1.061154E-3	-1.710974E-3	2.013325E-3	-1.218074E+2	2.462920E+4	4.748500E+1	5.499900E+1	0.000000E+0	
-8.300000E+3	-1.046496E-3	-1.699524E-3	1.995880E-3	-1.216230E+2	2.462920E+4	4.750000E+1	5.499900E+1	0.000000E+0	
-8.400000E+3	-1.034886E-3	-1.688984E-3	1.980822E-3	-1.214969E+2	2.462920E+4	4.749300E+1	5.500000E+1	0.000000E+0	
-8.500000E+3	-1.026163E-3	-1.681295E-3	1.969711E-3	-1.213974E+2	2.462920E+4	4.749100E+1	5.500000E+1	0.000000E+0	
-8.600000E+3	-1.017722E-3	-1.673374E-3	1.958555E-3	-1.213074E+2	2.462920E+4	4.750300E+1	5.500000E+1	0.000000E+0	
-8.700000E+3	-1.011603E-3	-1.669027E-3	1.951664E-3	-1.212202E+2	2.462920E+4	4.748900E+1	5.500000E+1	0.000000E+0	
-8.800000E+3	-1.006655E-3	-1.663749E-3	1.944586E-3	-1.211761E+2	2.462920E+4	4.749800E+1	5.500000E+1	0.000000E+0	
-8.900000E+3	-1.001340E-3	-1.659312E-3	1.938040E-3	-1.211096E+2	2.462920E+4	4.749700E+1	5.500000E+1	0.000000E+0	
-9.000000E+3	-9.960773E-4	-1.655813E-3	1.932327E-3	-1.210296E+2	2.462920E+4	4.749200E+1	5.500000E+1	0.000000E+0	
-9.100000E+3	-9.934020E-4	-1.652670E-3	1.928255E-3	-1.210096E+2	2.462920E+4	4.749100E+1	5.499900E+1	0.000000E+0	
-9.200000E+3	-9.898789E-4	-1.650047E-3	1.924192E-3	-1.209599E+2	2.462920E+4	4.749000E+1	5.499900E+1	0.000000E+0	
-9.300000E+3	-9.881418E-4	-1.648245E-3	1.921753E-3	-1.209432E+2	2.462920E+4	4.749400E+1	5.500000E+1	0.000000E+0	
-9.400000E+3	-9.855171E-4	-1.646478E-3	1.918888E-3	-1.209031E+2	2.462920E+4	4.749800E+1	5.500000E+1	0.000000E+0	
-9.500000E+3	-9.855076E-4	-1.646486E-3	1.918891E-3	-1.209027E+2	2.462920E+4	4.749000E+1	5.500000E+1	0.000000E+0	
-9.600000E+3	-9.837564E-4	-1.644751E-3	1.916503E-3	-1.208844E+2	2.462920E+4	4.749200E+1	5.500000E+1	0.000000E+0	
-9.700000E+3	-9.828322E-4	-1.644745E-3	1.916023E-3	-1.208608E+2	2.462920E+4	4.749200E+1	5.500000E+1	0.000000E+0	
-9.800000E+3	-9.819904E-4	-1.643872E-3	1.914842E-3	-1.208526E+2	2.462920E+4	4.748800E+1	5.499900E+1	0.000000E+0	
-9.900000E+3	-9.811207E-4	-1.643001E-3	1.913648E-3	-1.208436E+2	2.462920E+4	4.748600E+1	5.499900E+1	0.000000E+0	
-1.000000E+4	-9.803399E-4	-1.642115E-3	1.912487E-3	-1.208371E+2	2.462920E+4	4.749200E+1	5.499900E+1	0.000000E+0	
-1.010000E+4	-9.802217E-4	-1.642109E-3	1.912422E-3	-1.208342E+2	2.462920E+4	4.748800E+1	5.499900E+1	0.000000E+0	
-1.020000E+4	-9.802444E-4	-1.642109E-3	1.912433E-3	-1.208348E+2	2.462920E+4	4.748800E+1	5.500000E+1	0.000000E+0	
-1.030000E+4	-9.793607E-4	-1.642105E-3	1.911977E-3	-1.208121E+2	2.462920E+4	4.748500E+1	5.499900E+1	0.000000E+0	
-1.040000E+4	-9.793724E-4	-1.641269E-3	1.911265E-3	-1.208252E+2	2.462920E+4	4.748700E+1	5.499900E+1	0.000000E+0	
-1.050000E+4	-9.791509E-4	-1.641289E-3	1.911169E-3	-1.208192E+2	2.462920E+4	4.748800E+1	5.500000E+1	0.000000E+0	
-1.060000E+4	-9.793676E-4	-1.641297E-3	1.911286E-3	-1.208247E+2	2.462920E+4	4.748600E+1	5.500100E+1	0.000000E+0	
-1.070000E+4	-9.787945E-4	-1.641277E-3	1.910976E-3	-1.208102E+2	2.462920E+4	4.749000E+1	5.499900E+1	0.000000E+0	
-1.080000E+4	-9.782473E-4	-1.640407E-3	1.909949E-3	-1.208095E+2	2.462920E+4	4.749500E+1	5.499900E+1	0.000000E+0	
-1.090000E+4	-9.788091E-4	-1.641289E-3	1.910994E-3	-1.208104E+2	2.462920E+4	4.749800E+1	5.500000E+1	0.000000E+0	
-1.100000E+4	-9.788049E-4	-1.640388E-3	1.910218E-3	-1.208242E+2	2.462920E+4	4.750600E+1	5.499900E+1	0.000000E+0	
