	
	Sensitivity=200  uV/pA,, Reserve=Normal,, Time Constant=100ms,, Low Pass Filter=24 dB/oct	
	Daten erstellt am: 	2018_10_05	
	***End of Header***
Stepwith 	Channel X LIA [V] 	Channel Y LIA [V] 	Amplitude LIA [V] 	Phase [°] 	Frequency [Hz] 	Temp Sensor 1 	Temp Sensor 2 	Current I [A]	Voltage over Resistance for Current [V] 
-1.000000E+2	-1.610098E-7	2.115268E-6	2.121387E-6	9.435284E+1	1.030000E+2	2.514400E+1	2.500000E+1	-4.878740E-2	-4.646419E-4
-2.000000E+2	-3.057414E-7	2.319515E-6	2.339579E-6	9.750902E+1	1.030000E+2	2.514200E+1	2.500000E+1	0.000000E+0	
-3.000000E+2	-2.646566E-7	2.398310E-6	2.412868E-6	9.629718E+1	1.030000E+2	2.514400E+1	2.499900E+1	0.000000E+0	
-4.000000E+2	-4.913119E-7	2.301820E-6	2.353670E-6	1.020487E+2	1.030000E+2	2.514000E+1	2.500000E+1	0.000000E+0	
-5.000000E+2	-3.999708E-7	2.253043E-6	2.288270E-6	1.000665E+2	1.030000E+2	2.514200E+1	2.500000E+1	0.000000E+0	
-6.000000E+2	-3.323445E-7	2.242316E-6	2.266812E-6	9.843071E+1	1.030000E+2	2.513800E+1	2.500000E+1	0.000000E+0	
-7.000000E+2	-3.058466E-7	2.257811E-6	2.278432E-6	9.771442E+1	1.030000E+2	2.513600E+1	2.500000E+1	0.000000E+0	
-8.000000E+2	-2.051564E-7	2.315675E-6	2.324745E-6	9.506288E+1	1.030000E+2	2.513600E+1	2.500000E+1	0.000000E+0	
-9.000000E+2	-3.999606E-7	2.336610E-6	2.370593E-6	9.971326E+1	1.030000E+2	2.513600E+1	2.499900E+1	0.000000E+0	
-1.000000E+3	-2.882023E-7	2.398379E-6	2.415633E-6	9.685212E+1	1.030000E+2	2.514000E+1	2.499900E+1	0.000000E+0	
-1.100000E+3	-3.325190E-7	2.337219E-6	2.360755E-6	9.809720E+1	1.030000E+2	2.513900E+1	2.500000E+1	0.000000E+0	
-1.200000E+3	-2.588458E-7	2.232314E-6	2.247271E-6	9.661414E+1	1.030000E+2	2.513900E+1	2.500000E+1	0.000000E+0	
-1.300000E+3	-2.768702E-7	2.395700E-6	2.411646E-6	9.659241E+1	1.030000E+2	2.514000E+1	2.500100E+1	0.000000E+0	
-1.400000E+3	-3.012984E-7	2.398284E-6	2.417136E-6	9.716060E+1	1.030000E+2	2.513600E+1	2.500000E+1	0.000000E+0	
-1.500000E+3	-2.708168E-7	2.276601E-6	2.292652E-6	9.678383E+1	1.030000E+2	2.513900E+1	2.500100E+1	0.000000E+0	
-1.600000E+3	-3.818837E-7	2.346079E-6	2.376956E-6	9.924525E+1	1.030000E+2	2.513900E+1	2.500100E+1	0.000000E+0	
-1.700000E+3	-2.181271E-7	2.334709E-6	2.344877E-6	9.533753E+1	1.030000E+2	2.513900E+1	2.500100E+1	0.000000E+0	
-1.800000E+3	-9.428778E-8	2.363564E-6	2.365444E-6	9.228444E+1	1.030000E+2	2.514200E+1	2.500100E+1	0.000000E+0	
-1.900000E+3	-1.213786E-7	2.275559E-6	2.278794E-6	9.305327E+1	1.030000E+2	2.514000E+1	2.500100E+1	0.000000E+0	
-2.000000E+3	-1.657436E-7	2.366628E-6	2.372425E-6	9.400609E+1	1.030000E+2	2.513800E+1	2.500100E+1	0.000000E+0	
-2.100000E+3	-1.565726E-7	2.275473E-6	2.280853E-6	9.393625E+1	1.030000E+2	2.513600E+1	2.500100E+1	0.000000E+0	
-2.200000E+3	1.621485E-8	2.337791E-6	2.337847E-6	8.960260E+1	1.030000E+2	2.514100E+1	2.500200E+1	0.000000E+0	
-2.300000E+3	1.993939E-8	2.398245E-6	2.398328E-6	8.952364E+1	1.030000E+2	2.514300E+1	2.500200E+1	0.000000E+0	
-2.400000E+3	-3.304078E-8	2.363576E-6	2.363807E-6	9.080089E+1	1.030000E+2	2.514100E+1	2.500200E+1	0.000000E+0	
-2.500000E+3	2.488046E-7	2.275463E-6	2.289026E-6	8.375993E+1	1.030000E+2	2.514300E+1	2.500100E+1	0.000000E+0	
-2.600000E+3	1.799101E-7	2.284337E-6	2.291411E-6	8.549679E+1	1.030000E+2	2.514200E+1	2.500100E+1	0.000000E+0	
-2.700000E+3	4.224591E-7	2.333228E-6	2.371165E-6	7.973709E+1	1.030000E+2	2.514000E+1	2.500100E+1	0.000000E+0	
-2.800000E+3	7.596728E-7	2.381400E-6	2.499634E-6	7.230718E+1	1.030000E+2	2.513800E+1	2.500200E+1	0.000000E+0	
-2.900000E+3	9.114012E-7	2.230967E-6	2.409951E-6	6.777886E+1	1.030000E+2	2.513600E+1	2.500200E+1	0.000000E+0	
-3.000000E+3	1.348935E-6	2.251309E-6	2.624503E-6	5.907088E+1	1.030000E+2	2.513900E+1	2.500100E+1	0.000000E+0	
-3.100000E+3	1.786334E-6	2.363813E-6	2.962870E-6	5.292165E+1	1.030000E+2	2.514100E+1	2.500200E+1	0.000000E+0	
-3.200000E+3	2.289258E-6	2.294296E-6	3.241064E-6	4.506298E+1	1.030000E+2	2.514100E+1	2.500100E+1	0.000000E+0	
-3.300000E+3	2.871873E-6	2.398478E-6	3.741705E-6	3.986734E+1	1.030000E+2	2.513900E+1	2.500100E+1	0.000000E+0	
-3.400000E+3	3.364131E-6	2.315687E-6	4.084089E-6	3.454144E+1	1.030000E+2	2.514000E+1	2.500100E+1	0.000000E+0	
-3.500000E+3	4.069503E-6	2.442158E-6	4.746050E-6	3.096847E+1	1.030000E+2	2.514200E+1	2.500200E+1	0.000000E+0	
-3.600000E+3	4.426484E-6	2.310763E-6	4.993334E-6	2.756597E+1	1.030000E+2	2.513800E+1	2.500100E+1	0.000000E+0	
-3.700000E+3	4.749931E-6	2.398439E-6	5.321123E-6	2.679112E+1	1.030000E+2	2.514000E+1	2.500100E+1	0.000000E+0	
-3.800000E+3	5.146004E-6	2.381359E-6	5.670294E-6	2.483275E+1	1.030000E+2	2.514200E+1	2.500100E+1	0.000000E+0	
-3.900000E+3	5.349945E-6	2.398473E-6	5.862984E-6	2.414752E+1	1.030000E+2	2.514200E+1	2.500100E+1	0.000000E+0	
-4.000000E+3	5.399844E-6	2.372553E-6	5.898078E-6	2.371946E+1	1.030000E+2	2.514100E+1	2.500100E+1	0.000000E+0	
-4.100000E+3	5.428239E-6	2.326787E-6	5.905905E-6	2.320215E+1	1.030000E+2	2.513900E+1	2.500100E+1	0.000000E+0	
-4.200000E+3	5.458775E-6	2.398337E-6	5.962403E-6	2.371850E+1	1.030000E+2	2.513700E+1	2.500100E+1	0.000000E+0	
-4.300000E+3	5.240040E-6	2.373174E-6	5.752388E-6	2.436541E+1	1.030000E+2	2.513700E+1	2.500100E+1	0.000000E+0	
-4.400000E+3	4.954281E-6	2.322226E-6	5.471530E-6	2.511395E+1	1.030000E+2	2.513900E+1	2.500000E+1	0.000000E+0	
-4.500000E+3	4.807474E-6	2.382954E-6	5.365657E-6	2.636655E+1	1.030000E+2	2.514300E+1	2.500000E+1	0.000000E+0	
-4.600000E+3	4.330830E-6	2.390102E-6	4.946582E-6	2.889346E+1	1.030000E+2	2.513400E+1	2.500000E+1	0.000000E+0	
-4.700000E+3	3.861397E-6	2.253293E-6	4.470762E-6	3.026542E+1	1.030000E+2	2.513700E+1	2.500000E+1	0.000000E+0	
-4.800000E+3	3.251953E-6	2.407292E-6	4.046017E-6	3.651108E+1	1.030000E+2	2.513700E+1	2.500000E+1	0.000000E+0	
-4.900000E+3	2.659176E-6	2.337577E-6	3.540548E-6	4.131743E+1	1.030000E+2	2.513700E+1	2.500100E+1	0.000000E+0	
-5.000000E+3	2.144950E-6	2.252094E-6	3.110102E-6	4.639586E+1	1.030000E+2	2.514000E+1	2.500100E+1	0.000000E+0	
-5.100000E+3	1.713654E-6	2.347621E-6	2.906533E-6	5.387230E+1	1.030000E+2	2.514100E+1	2.500100E+1	0.000000E+0	
-5.200000E+3	1.275543E-6	2.246394E-6	2.583272E-6	6.041131E+1	1.030000E+2	2.513700E+1	2.500100E+1	0.000000E+0	
-5.300000E+3	8.853695E-7	2.235393E-6	2.404342E-6	6.839303E+1	1.030000E+2	2.513800E+1	2.500000E+1	0.000000E+0	
-5.400000E+3	4.041524E-7	2.363820E-6	2.398121E-6	8.029771E+1	1.030000E+2	2.514000E+1	2.500100E+1	0.000000E+0	
-5.500000E+3	1.419161E-7	2.271716E-6	2.276145E-6	8.642533E+1	1.030000E+2	2.513900E+1	2.500100E+1	0.000000E+0	
-5.600000E+3	-2.664780E-7	2.328668E-6	2.343866E-6	9.652817E+1	1.030000E+2	2.513800E+1	2.500100E+1	0.000000E+0	
-5.700000E+3	-4.557542E-7	2.291730E-6	2.336608E-6	1.012476E+2	1.030000E+2	2.514100E+1	2.500100E+1	0.000000E+0	
-5.800000E+3	-9.247153E-7	2.375225E-6	2.548881E-6	1.112718E+2	1.030000E+2	2.513800E+1	2.500200E+1	0.000000E+0	
-5.900000E+3	-1.313102E-6	2.306987E-6	2.654510E-6	1.196479E+2	1.030000E+2	2.514000E+1	2.500200E+1	0.000000E+0	
-6.000000E+3	-1.719091E-6	2.258262E-6	2.838136E-6	1.272800E+2	1.030000E+2	2.514000E+1	2.500200E+1	0.000000E+0	
-6.100000E+3	-2.346405E-6	2.361495E-6	3.329006E-6	1.348164E+2	1.030000E+2	2.514000E+1	2.500200E+1	0.000000E+0	
-6.200000E+3	-2.892172E-6	2.253371E-6	3.666380E-6	1.420769E+2	1.030000E+2	2.513900E+1	2.500200E+1	0.000000E+0	
-6.300000E+3	-3.585393E-6	2.346429E-6	4.284947E-6	1.467976E+2	1.030000E+2	2.514000E+1	2.500200E+1	0.000000E+0	
-6.400000E+3	-3.981251E-6	2.300766E-6	4.598248E-6	1.499764E+2	1.030000E+2	2.514000E+1	2.500300E+1	0.000000E+0	
-6.500000E+3	-4.660225E-6	2.244442E-6	5.172544E-6	1.542838E+2	1.030000E+2	2.513700E+1	2.500300E+1	0.000000E+0	
-6.600000E+3	-4.936177E-6	2.200519E-6	5.404455E-6	1.559730E+2	1.030000E+2	2.513800E+1	2.500200E+1	0.000000E+0	
-6.700000E+3	-5.372417E-6	2.337381E-6	5.858858E-6	1.564876E+2	1.030000E+2	2.513900E+1	2.500300E+1	0.000000E+0	
-6.800000E+3	-5.490036E-6	2.253102E-6	5.934388E-6	1.576868E+2	1.030000E+2	2.513700E+1	2.500300E+1	0.000000E+0	
-6.900000E+3	-5.956788E-6	2.278457E-6	6.377671E-6	1.590683E+2	1.030000E+2	2.513700E+1	2.500200E+1	0.000000E+0	
-7.000000E+3	-6.009542E-6	2.301553E-6	6.435196E-6	1.590440E+2	1.030000E+2	2.513700E+1	2.500300E+1	0.000000E+0	
-7.100000E+3	-5.990904E-6	2.248443E-6	6.398940E-6	1.594284E+2	1.030000E+2	2.513700E+1	2.500300E+1	0.000000E+0	
-7.200000E+3	-5.960605E-6	2.286734E-6	6.384196E-6	1.590111E+2	1.030000E+2	2.513900E+1	2.500300E+1	0.000000E+0	
-7.300000E+3	-6.029205E-6	2.363885E-6	6.476053E-6	1.585912E+2	1.030000E+2	2.513900E+1	2.500300E+1	0.000000E+0	
-7.400000E+3	-5.871384E-6	2.362798E-6	6.328978E-6	1.580789E+2	1.030000E+2	2.513800E+1	2.500300E+1	0.000000E+0	
-7.500000E+3	-5.563636E-6	2.235506E-6	5.995959E-6	1.581094E+2	1.030000E+2	2.513900E+1	2.500300E+1	0.000000E+0	
-7.600000E+3	-5.084199E-6	2.163230E-6	5.525273E-6	1.569512E+2	1.030000E+2	2.513700E+1	2.500200E+1	0.000000E+0	
-7.700000E+3	-4.688645E-6	2.263495E-6	5.206419E-6	1.542306E+2	1.030000E+2	2.514200E+1	2.500200E+1	0.000000E+0	
-7.800000E+3	-4.289404E-6	2.310636E-6	4.872169E-6	1.516893E+2	1.030000E+2	2.513800E+1	2.500200E+1	0.000000E+0	
-7.900000E+3	-3.613502E-6	2.398378E-6	4.337005E-6	1.464267E+2	1.030000E+2	2.514000E+1	2.500200E+1	0.000000E+0	
-8.000000E+3	-3.118694E-6	2.328670E-6	3.892166E-6	1.432520E+2	1.030000E+2	2.513900E+1	2.500200E+1	0.000000E+0	
-8.100000E+3	-2.678112E-6	2.292845E-6	3.525539E-6	1.394318E+2	1.030000E+2	2.513900E+1	2.500200E+1	0.000000E+0	
-8.200000E+3	-2.418003E-6	2.337542E-6	3.363160E-6	1.359693E+2	1.030000E+2	2.514000E+1	2.500200E+1	0.000000E+0	
-8.300000E+3	-2.089566E-6	2.222077E-6	3.050231E-6	1.332397E+2	1.030000E+2	2.514000E+1	2.500300E+1	0.000000E+0	
-8.400000E+3	-1.755225E-6	2.308103E-6	2.899682E-6	1.272516E+2	1.030000E+2	2.514100E+1	2.500200E+1	0.000000E+0	
-8.500000E+3	-1.398865E-6	2.285926E-6	2.679978E-6	1.214644E+2	1.030000E+2	2.513800E+1	2.500200E+1	0.000000E+0	
-8.600000E+3	-1.403176E-6	2.254378E-6	2.655395E-6	1.218991E+2	1.030000E+2	2.514100E+1	2.500200E+1	0.000000E+0	
-8.700000E+3	-1.037135E-6	2.257303E-6	2.484163E-6	1.146768E+2	1.030000E+2	2.513700E+1	2.500200E+1	0.000000E+0	
-8.800000E+3	-1.141504E-6	2.367113E-6	2.627976E-6	1.157450E+2	1.030000E+2	2.513900E+1	2.500200E+1	0.000000E+0	
-8.900000E+3	-9.081180E-7	2.258198E-6	2.433955E-6	1.119072E+2	1.030000E+2	2.513900E+1	2.500200E+1	0.000000E+0	
-9.000000E+3	-9.668032E-7	2.266921E-6	2.464475E-6	1.130974E+2	1.030000E+2	2.514100E+1	2.500200E+1	0.000000E+0	
-9.100000E+3	-7.056781E-7	2.252119E-6	2.360089E-6	1.073978E+2	1.030000E+2	2.514000E+1	2.500200E+1	0.000000E+0	
-9.200000E+3	-7.016994E-7	2.387382E-6	2.488368E-6	1.063791E+2	1.030000E+2	2.514300E+1	2.500200E+1	0.000000E+0	
-9.300000E+3	-6.562551E-7	2.218001E-6	2.313050E-6	1.064823E+2	1.030000E+2	2.514100E+1	2.500200E+1	0.000000E+0	
-9.400000E+3	-6.548759E-7	2.275541E-6	2.367899E-6	1.060552E+2	1.030000E+2	2.514000E+1	2.500200E+1	0.000000E+0	
-9.500000E+3	-5.926154E-7	2.253014E-6	2.329649E-6	1.047368E+2	1.030000E+2	2.513500E+1	2.500100E+1	0.000000E+0	
-9.600000E+3	-6.001786E-7	2.293154E-6	2.370394E-6	1.046668E+2	1.030000E+2	2.513800E+1	2.500100E+1	0.000000E+0	
-9.700000E+3	-4.507427E-7	2.310834E-6	2.354383E-6	1.010373E+2	1.030000E+2	2.513500E+1	2.500100E+1	0.000000E+0	
-9.800000E+3	-4.349370E-7	2.283181E-6	2.324239E-6	1.007854E+2	1.030000E+2	2.514200E+1	2.500200E+1	0.000000E+0	
-9.900000E+3	-5.090339E-7	2.377035E-6	2.430928E-6	1.020871E+2	1.030000E+2	2.514000E+1	2.500200E+1	0.000000E+0	
-1.000000E+4	-5.898517E-7	2.328845E-6	2.402383E-6	1.042130E+2	1.030000E+2	2.513900E+1	2.500200E+1	0.000000E+0	
-1.010000E+4	-4.526772E-7	2.259346E-6	2.304249E-6	1.013296E+2	1.030000E+2	2.514000E+1	2.500200E+1	0.000000E+0	
-1.020000E+4	-4.552685E-7	2.396995E-6	2.439848E-6	1.007543E+2	1.030000E+2	2.514000E+1	2.500100E+1	0.000000E+0	
-1.030000E+4	-3.873224E-7	2.310645E-6	2.342883E-6	9.951575E+1	1.030000E+2	2.513900E+1	2.500200E+1	0.000000E+0	
-1.040000E+4	-5.053159E-7	2.363775E-6	2.417183E-6	1.020668E+2	1.030000E+2	2.513900E+1	2.500200E+1	0.000000E+0	
-1.050000E+4	-4.524851E-7	2.258052E-6	2.302941E-6	1.013313E+2	1.030000E+2	2.513800E+1	2.500200E+1	0.000000E+0	
-1.060000E+4	-5.109709E-7	2.398202E-6	2.452032E-6	1.020278E+2	1.030000E+2	2.514100E+1	2.500200E+1	0.000000E+0	
-1.070000E+4	-4.475192E-7	2.253222E-6	2.297234E-6	1.012335E+2	1.030000E+2	2.514000E+1	2.500200E+1	0.000000E+0	
-1.080000E+4	-4.432366E-7	2.323969E-6	2.365860E-6	1.007980E+2	1.030000E+2	2.513800E+1	2.500200E+1	0.000000E+0	
-1.090000E+4	-3.499758E-7	2.310687E-6	2.337040E-6	9.861254E+1	1.030000E+2	2.514200E+1	2.500200E+1	0.000000E+0	
-1.100000E+4	-3.674209E-7	2.310695E-6	2.339724E-6	9.903489E+1	1.030000E+2	2.514400E+1	2.500200E+1	0.000000E+0	
