	
	Sensitivity=500  uV/pA,, Reserve=Normal,, Time Constant=100ms,, Low Pass Filter=24 dB/oct	
	Daten erstellt am: 	2018_10_05	
	***End of Header***
Stepwith 	Channel X LIA [V] 	Channel Y LIA [V] 	Amplitude LIA [V] 	Phase [°] 	Frequency [Hz] 	Temp Sensor 1 	Temp Sensor 2 	Current I [A]	Voltage over Resistance for Current [V] 
-1.000000E+2	-3.471973E-6	1.129461E-5	1.181621E-5	1.070875E+2	3.389970E+2	3.913500E+1	4.500400E+1	-4.594183E-2	-4.375412E-4
-2.000000E+2	-4.548198E-6	1.133932E-5	1.221746E-5	1.118557E+2	3.389970E+2	3.913400E+1	4.500400E+1	0.000000E+0	
-3.000000E+2	-4.570330E-6	1.133704E-5	1.222360E-5	1.119560E+2	3.389970E+2	3.913200E+1	4.500400E+1	0.000000E+0	
-4.000000E+2	-4.524324E-6	1.132999E-5	1.219992E-5	1.117680E+2	3.389970E+2	3.912900E+1	4.500300E+1	0.000000E+0	
-5.000000E+2	-4.503072E-6	1.136466E-5	1.222428E-5	1.116152E+2	3.389970E+2	3.913500E+1	4.500300E+1	0.000000E+0	
-6.000000E+2	-4.570001E-6	1.129161E-5	1.218135E-5	1.120344E+2	3.389970E+2	3.913700E+1	4.500200E+1	0.000000E+0	
-7.000000E+2	-4.503335E-6	1.138182E-5	1.224034E-5	1.115867E+2	3.389970E+2	3.913300E+1	4.500300E+1	0.000000E+0	
-8.000000E+2	-4.520824E-6	1.127079E-5	1.214366E-5	1.118562E+2	3.389970E+2	3.913300E+1	4.500400E+1	0.000000E+0	
-9.000000E+2	-4.492842E-6	1.133698E-5	1.219478E-5	1.116184E+2	3.389970E+2	3.913300E+1	4.500400E+1	0.000000E+0	
-1.000000E+3	-4.525971E-6	1.133682E-5	1.220688E-5	1.117632E+2	3.389970E+2	3.913400E+1	4.500200E+1	0.000000E+0	
-1.100000E+3	-4.546334E-6	1.138214E-5	1.225652E-5	1.117731E+2	3.389970E+2	3.913400E+1	4.500100E+1	0.000000E+0	
-1.200000E+3	-4.459768E-6	1.136014E-5	1.220420E-5	1.114340E+2	3.389970E+2	3.913400E+1	4.500200E+1	0.000000E+0	
-1.300000E+3	-4.482601E-6	1.135953E-5	1.221199E-5	1.115348E+2	3.389970E+2	3.913400E+1	4.500200E+1	0.000000E+0	
-1.400000E+3	-4.416155E-6	1.135954E-5	1.218777E-5	1.112442E+2	3.389970E+2	3.913600E+1	4.500200E+1	0.000000E+0	
-1.500000E+3	-4.420317E-6	1.133724E-5	1.216849E-5	1.113005E+2	3.389970E+2	3.913600E+1	4.500400E+1	0.000000E+0	
-1.600000E+3	-4.420700E-6	1.135968E-5	1.218954E-5	1.112638E+2	3.389970E+2	3.913500E+1	4.500300E+1	0.000000E+0	
-1.700000E+3	-4.349872E-6	1.138175E-5	1.218465E-5	1.109158E+2	3.389970E+2	3.913600E+1	4.500200E+1	0.000000E+0	
-1.800000E+3	-4.376291E-6	1.133723E-5	1.215256E-5	1.111071E+2	3.389970E+2	3.913300E+1	4.500200E+1	0.000000E+0	
-1.900000E+3	-4.288474E-6	1.133722E-5	1.212121E-5	1.107199E+2	3.389970E+2	3.913500E+1	4.500200E+1	0.000000E+0	
-2.000000E+3	-4.221920E-6	1.133725E-5	1.209784E-5	1.104250E+2	3.389970E+2	3.913500E+1	4.500100E+1	0.000000E+0	
-2.100000E+3	-4.156621E-6	1.135273E-5	1.208975E-5	1.101094E+2	3.389970E+2	3.913400E+1	4.500200E+1	0.000000E+0	
-2.200000E+3	-4.112385E-6	1.133708E-5	1.205990E-5	1.099376E+2	3.389970E+2	3.913500E+1	4.500300E+1	0.000000E+0	
-2.300000E+3	-3.936621E-6	1.131498E-5	1.198023E-5	1.091834E+2	3.389970E+2	3.913400E+1	4.500200E+1	0.000000E+0	
-2.400000E+3	-3.869887E-6	1.140374E-5	1.204248E-5	1.087448E+2	3.389970E+2	3.913500E+1	4.500200E+1	0.000000E+0	
-2.500000E+3	-3.645345E-6	1.140396E-5	1.197242E-5	1.077268E+2	3.389970E+2	3.913400E+1	4.500200E+1	0.000000E+0	
-2.600000E+3	-3.460706E-6	1.135981E-5	1.187526E-5	1.069431E+2	3.389970E+2	3.913700E+1	4.500200E+1	0.000000E+0	
-2.700000E+3	-3.102894E-6	1.137298E-5	1.178866E-5	1.052606E+2	3.389970E+2	3.913500E+1	4.500200E+1	0.000000E+0	
-2.800000E+3	-2.697996E-6	1.138084E-5	1.169627E-5	1.033366E+2	3.389970E+2	3.913500E+1	4.500200E+1	0.000000E+0	
-2.900000E+3	-2.156410E-6	1.133738E-5	1.154063E-5	1.007692E+2	3.389970E+2	3.913500E+1	4.500100E+1	0.000000E+0	
-3.000000E+3	-1.632516E-6	1.140430E-5	1.152056E-5	9.814649E+1	3.389970E+2	3.913500E+1	4.500200E+1	0.000000E+0	
-3.100000E+3	-7.905043E-7	1.140407E-5	1.143144E-5	9.396527E+1	3.389970E+2	3.913300E+1	4.500000E+1	0.000000E+0	
-3.200000E+3	-8.060839E-9	1.140433E-5	1.140434E-5	9.004050E+1	3.389970E+2	3.913300E+1	4.500000E+1	0.000000E+0	
-3.300000E+3	1.121509E-6	1.146917E-5	1.152387E-5	8.441511E+1	3.389970E+2	3.913600E+1	4.500000E+1	0.000000E+0	
-3.400000E+3	1.926444E-6	1.146955E-5	1.163021E-5	8.046551E+1	3.389970E+2	3.913400E+1	4.500100E+1	0.000000E+0	
-3.500000E+3	2.879650E-6	1.146917E-5	1.182516E-5	7.590567E+1	3.389970E+2	3.913000E+1	4.500200E+1	0.000000E+0	
-3.600000E+3	3.677377E-6	1.144716E-5	1.202333E-5	7.219049E+1	3.389970E+2	3.913000E+1	4.500200E+1	0.000000E+0	
-3.700000E+3	4.322269E-6	1.149123E-5	1.227723E-5	6.938689E+1	3.389970E+2	3.913100E+1	4.500100E+1	0.000000E+0	
-3.800000E+3	4.757657E-6	1.153412E-5	1.247683E-5	6.758456E+1	3.389970E+2	3.913500E+1	4.500200E+1	0.000000E+0	
-3.900000E+3	5.101548E-6	1.151822E-5	1.259742E-5	6.611091E+1	3.389970E+2	3.913800E+1	4.500100E+1	0.000000E+0	
-4.000000E+3	5.301466E-6	1.155637E-5	1.271437E-5	6.535678E+1	3.389970E+2	3.913500E+1	4.500000E+1	0.000000E+0	
-4.100000E+3	5.312238E-6	1.153439E-5	1.269890E-5	6.527127E+1	3.389970E+2	3.913400E+1	4.500100E+1	0.000000E+0	
-4.200000E+3	5.323266E-6	1.155587E-5	1.272302E-5	6.526661E+1	3.389970E+2	3.913200E+1	4.500200E+1	0.000000E+0	
-4.300000E+3	5.088612E-6	1.153379E-5	1.260644E-5	6.619332E+1	3.389970E+2	3.913200E+1	4.500200E+1	0.000000E+0	
-4.400000E+3	4.780422E-6	1.155596E-5	1.250571E-5	6.752631E+1	3.389970E+2	3.913500E+1	4.500200E+1	0.000000E+0	
-4.500000E+3	4.168327E-6	1.149163E-5	1.222426E-5	7.006291E+1	3.389970E+2	3.913500E+1	4.500100E+1	0.000000E+0	
-4.600000E+3	3.539173E-6	1.150195E-5	1.203415E-5	7.289677E+1	3.389970E+2	3.913500E+1	4.500100E+1	0.000000E+0	
-4.700000E+3	2.659822E-6	1.146977E-5	1.177414E-5	7.694398E+1	3.389970E+2	3.913400E+1	4.500100E+1	0.000000E+0	
-4.800000E+3	1.835692E-6	1.142588E-5	1.157241E-5	8.087281E+1	3.389970E+2	3.913400E+1	4.500100E+1	0.000000E+0	
-4.900000E+3	6.609021E-7	1.146935E-5	1.148838E-5	8.670207E+1	3.389970E+2	3.913300E+1	4.500200E+1	0.000000E+0	
-5.000000E+3	-1.653549E-7	1.140596E-5	1.140716E-5	9.083057E+1	3.389970E+2	3.913400E+1	4.500100E+1	0.000000E+0	
-5.100000E+3	-1.069874E-6	1.135977E-5	1.141004E-5	9.538030E+1	3.389970E+2	3.913100E+1	4.500200E+1	0.000000E+0	
-5.200000E+3	-1.761017E-6	1.136010E-5	1.149579E-5	9.881172E+1	3.389970E+2	3.913300E+1	4.500100E+1	0.000000E+0	
-5.300000E+3	-2.464396E-6	1.133659E-5	1.160136E-5	1.022644E+2	3.389970E+2	3.913300E+1	4.500100E+1	0.000000E+0	
-5.400000E+3	-3.074525E-6	1.131491E-5	1.172518E-5	1.052016E+2	3.389970E+2	3.913500E+1	4.500200E+1	0.000000E+0	
-5.500000E+3	-3.657703E-6	1.140386E-5	1.197610E-5	1.077833E+2	3.389970E+2	3.913400E+1	4.500200E+1	0.000000E+0	
-5.600000E+3	-4.156564E-6	1.133744E-5	1.207537E-5	1.101341E+2	3.389970E+2	3.913300E+1	4.500200E+1	0.000000E+0	
-5.700000E+3	-4.723137E-6	1.135989E-5	1.230265E-5	1.125762E+2	3.389970E+2	3.913300E+1	4.500300E+1	0.000000E+0	
-5.800000E+3	-5.418016E-6	1.135980E-5	1.258570E-5	1.154987E+2	3.389970E+2	3.913300E+1	4.500100E+1	0.000000E+0	
-5.900000E+3	-6.204541E-6	1.133667E-5	1.292348E-5	1.186918E+2	3.389970E+2	3.913400E+1	4.500200E+1	0.000000E+0	
-6.000000E+3	-6.942988E-6	1.124981E-5	1.321981E-5	1.216814E+2	3.389970E+2	3.913100E+1	4.500200E+1	0.000000E+0	
-6.100000E+3	-7.832359E-6	1.131499E-5	1.376136E-5	1.246914E+2	3.389970E+2	3.913200E+1	4.500100E+1	0.000000E+0	
-6.200000E+3	-8.816975E-6	1.124529E-5	1.428970E-5	1.280985E+2	3.389970E+2	3.913200E+1	4.500200E+1	0.000000E+0	
-6.300000E+3	-9.908373E-6	1.124953E-5	1.499093E-5	1.313730E+2	3.389970E+2	3.913200E+1	4.500300E+1	0.000000E+0	
-6.400000E+3	-1.075490E-5	1.120960E-5	1.553457E-5	1.338141E+2	3.389970E+2	3.913400E+1	4.500200E+1	0.000000E+0	
-6.500000E+3	-1.173154E-5	1.127021E-5	1.626797E-5	1.361490E+2	3.389970E+2	3.913500E+1	4.500300E+1	0.000000E+0	
-6.600000E+3	-1.254110E-5	1.121152E-5	1.682193E-5	1.382038E+2	3.389970E+2	3.913200E+1	4.500200E+1	0.000000E+0	
-6.700000E+3	-1.314626E-5	1.114897E-5	1.723727E-5	1.396997E+2	3.389970E+2	3.913400E+1	4.500100E+1	0.000000E+0	
-6.800000E+3	-1.362883E-5	1.117085E-5	1.762194E-5	1.406603E+2	3.389970E+2	3.913200E+1	4.500300E+1	0.000000E+0	
-6.900000E+3	-1.400208E-5	1.118303E-5	1.791978E-5	1.413867E+2	3.389970E+2	3.913500E+1	4.500300E+1	0.000000E+0	
-7.000000E+3	-1.425366E-5	1.118279E-5	1.811689E-5	1.418838E+2	3.389970E+2	3.913400E+1	4.500200E+1	0.000000E+0	
-7.100000E+3	-1.432458E-5	1.115856E-5	1.815783E-5	1.420821E+2	3.389970E+2	3.913500E+1	4.500300E+1	0.000000E+0	
-7.200000E+3	-1.430552E-5	1.114882E-5	1.813682E-5	1.420694E+2	3.389970E+2	3.913300E+1	4.500300E+1	0.000000E+0	
-7.300000E+3	-1.409109E-5	1.114902E-5	1.796829E-5	1.416486E+2	3.389970E+2	3.913500E+1	4.500200E+1	0.000000E+0	
-7.400000E+3	-1.378296E-5	1.117109E-5	1.774156E-5	1.409752E+2	3.389970E+2	3.913500E+1	4.500200E+1	0.000000E+0	
-7.500000E+3	-1.335548E-5	1.118331E-5	1.741939E-5	1.400586E+2	3.389970E+2	3.913500E+1	4.500100E+1	0.000000E+0	
-7.600000E+3	-1.271783E-5	1.118691E-5	1.693784E-5	1.386644E+2	3.389970E+2	3.913300E+1	4.500200E+1	0.000000E+0	
-7.700000E+3	-1.191599E-5	1.118260E-5	1.634140E-5	1.368186E+2	3.389970E+2	3.913500E+1	4.500200E+1	0.000000E+0	
-7.800000E+3	-1.121930E-5	1.124991E-5	1.588815E-5	1.349220E+2	3.389970E+2	3.913100E+1	4.500200E+1	0.000000E+0	
-7.900000E+3	-1.016789E-5	1.118239E-5	1.511396E-5	1.322795E+2	3.389970E+2	3.913400E+1	4.500100E+1	0.000000E+0	
-8.000000E+3	-9.360650E-6	1.124898E-5	1.463425E-5	1.297650E+2	3.389970E+2	3.913400E+1	4.500100E+1	0.000000E+0	
-8.100000E+3	-8.598627E-6	1.124955E-5	1.415940E-5	1.273926E+2	3.389970E+2	3.913500E+1	4.500100E+1	0.000000E+0	
-8.200000E+3	-7.873504E-6	1.125012E-5	1.373162E-5	1.249866E+2	3.389970E+2	3.913300E+1	4.500200E+1	0.000000E+0	
-8.300000E+3	-7.292739E-6	1.127840E-5	1.343080E-5	1.228871E+2	3.389970E+2	3.913400E+1	4.500100E+1	0.000000E+0	
-8.400000E+3	-6.856895E-6	1.122757E-5	1.315581E-5	1.214132E+2	3.389970E+2	3.913200E+1	4.500200E+1	0.000000E+0	
-8.500000E+3	-6.499140E-6	1.131668E-5	1.305014E-5	1.198686E+2	3.389970E+2	3.913300E+1	4.500200E+1	0.000000E+0	
-8.600000E+3	-6.271026E-6	1.128536E-5	1.291066E-5	1.190600E+2	3.389970E+2	3.913000E+1	4.500200E+1	0.000000E+0	
-8.700000E+3	-5.940877E-6	1.129399E-5	1.276120E-5	1.177453E+2	3.389970E+2	3.913100E+1	4.500300E+1	0.000000E+0	
-8.800000E+3	-5.707051E-6	1.133812E-5	1.269344E-5	1.167184E+2	3.389970E+2	3.913400E+1	4.500200E+1	0.000000E+0	
-8.900000E+3	-5.531089E-6	1.133766E-5	1.261489E-5	1.160055E+2	3.389970E+2	3.913000E+1	4.500200E+1	0.000000E+0	
-9.000000E+3	-5.355434E-6	1.133765E-5	1.253886E-5	1.152841E+2	3.389970E+2	3.913200E+1	4.500100E+1	0.000000E+0	
-9.100000E+3	-5.222487E-6	1.133788E-5	1.248286E-5	1.147319E+2	3.389970E+2	3.913000E+1	4.500200E+1	0.000000E+0	
-9.200000E+3	-5.156879E-6	1.133796E-5	1.245563E-5	1.144576E+2	3.389970E+2	3.913300E+1	4.500100E+1	0.000000E+0	
-9.300000E+3	-5.031329E-6	1.132266E-5	1.239020E-5	1.139584E+2	3.389970E+2	3.913500E+1	4.500000E+1	0.000000E+0	
-9.400000E+3	-4.965332E-6	1.135575E-5	1.239385E-5	1.136175E+2	3.389970E+2	3.913400E+1	4.500100E+1	0.000000E+0	
-9.500000E+3	-4.943580E-6	1.130264E-5	1.233647E-5	1.136237E+2	3.389970E+2	3.913500E+1	4.500200E+1	0.000000E+0	
-9.600000E+3	-4.882837E-6	1.139298E-5	1.239525E-5	1.131991E+2	3.389970E+2	3.913000E+1	4.500200E+1	0.000000E+0	
-9.700000E+3	-4.789753E-6	1.129393E-5	1.226762E-5	1.129818E+2	3.389970E+2	3.913400E+1	4.500100E+1	0.000000E+0	
-9.800000E+3	-4.746428E-6	1.133377E-5	1.228751E-5	1.127233E+2	3.389970E+2	3.913200E+1	4.500100E+1	0.000000E+0	
-9.900000E+3	-4.746883E-6	1.126484E-5	1.222414E-5	1.128500E+2	3.389970E+2	3.913500E+1	4.500100E+1	0.000000E+0	
-1.000000E+4	-4.751094E-6	1.133741E-5	1.229267E-5	1.127368E+2	3.389970E+2	3.913200E+1	4.500200E+1	0.000000E+0	
-1.010000E+4	-4.708488E-6	1.138228E-5	1.231772E-5	1.124733E+2	3.389970E+2	3.913300E+1	4.500100E+1	0.000000E+0	
-1.020000E+4	-4.639452E-6	1.131524E-5	1.222943E-5	1.122945E+2	3.389970E+2	3.913100E+1	4.500100E+1	0.000000E+0	
-1.030000E+4	-4.715911E-6	1.136127E-5	1.230115E-5	1.125427E+2	3.389970E+2	3.913300E+1	4.500200E+1	0.000000E+0	
-1.040000E+4	-4.702492E-6	1.136000E-5	1.229484E-5	1.124872E+2	3.389970E+2	3.913200E+1	4.500100E+1	0.000000E+0	
-1.050000E+4	-4.702836E-6	1.131527E-5	1.225365E-5	1.125687E+2	3.389970E+2	3.913300E+1	4.500100E+1	0.000000E+0	
-1.060000E+4	-4.646457E-6	1.133740E-5	1.225260E-5	1.122855E+2	3.389970E+2	3.913000E+1	4.500100E+1	0.000000E+0	
-1.070000E+4	-4.658564E-6	1.133722E-5	1.225703E-5	1.123382E+2	3.389970E+2	3.913300E+1	4.500100E+1	0.000000E+0	
-1.080000E+4	-4.636648E-6	1.131336E-5	1.222664E-5	1.122857E+2	3.389970E+2	3.913000E+1	4.500200E+1	0.000000E+0	
-1.090000E+4	-4.626968E-6	1.138255E-5	1.228703E-5	1.121216E+2	3.389970E+2	3.913000E+1	4.500000E+1	0.000000E+0	
-1.100000E+4	-4.636278E-6	1.138206E-5	1.229010E-5	1.121626E+2	3.389970E+2	3.913500E+1	4.500100E+1	0.000000E+0	
