	
	Sensitivity=20 mV/nA,, Reserve=Normal,, Time Constant=100ms,, Low Pass Filter=24 dB/oct	
	Daten erstellt am: 	2018_10_05	
	***End of Header***
Stepwith 	Channel X LIA [V] 	Channel Y LIA [V] 	Amplitude LIA [V] 	Phase [°] 	Frequency [Hz] 	Temp Sensor 1 	Temp Sensor 2 	Current I [A]	Voltage over Resistance for Current [V] 
-1.000000E+2	-5.366280E-4	-2.213533E-3	2.277652E-3	-1.036273E+2	3.392450E+4	4.322000E+1	5.000100E+1	0.000000E+0	0.000000E+0
-2.000000E+2	-5.366273E-4	-2.210034E-3	2.274251E-3	-1.036481E+2	3.392450E+4	4.322000E+1	5.000200E+1	0.000000E+0	
-3.000000E+2	-5.361012E-4	-2.209171E-3	2.273288E-3	-1.036403E+2	3.392450E+4	4.321600E+1	5.000100E+1	0.000000E+0	
-4.000000E+2	-5.360800E-4	-2.208664E-3	2.272791E-3	-1.036428E+2	3.392450E+4	4.321500E+1	5.000000E+1	0.000000E+0	
-5.000000E+2	-5.351889E-4	-2.208640E-3	2.272558E-3	-1.036211E+2	3.392450E+4	4.321200E+1	5.000100E+1	0.000000E+0	
-6.000000E+2	-5.351774E-4	-2.207787E-3	2.271726E-3	-1.036259E+2	3.392450E+4	4.322200E+1	4.999900E+1	0.000000E+0	
-7.000000E+2	-5.342932E-4	-2.206879E-3	2.270635E-3	-1.036096E+2	3.392450E+4	4.320900E+1	5.000000E+1	0.000000E+0	
-8.000000E+2	-5.342964E-4	-2.206904E-3	2.270660E-3	-1.036096E+2	3.392450E+4	4.321500E+1	5.000000E+1	0.000000E+0	
-9.000000E+2	-5.343010E-4	-2.206038E-3	2.269819E-3	-1.036148E+2	3.392450E+4	4.321500E+1	5.000000E+1	0.000000E+0	
-1.000000E+3	-5.334008E-4	-2.205998E-3	2.269569E-3	-1.035930E+2	3.392450E+4	4.322000E+1	5.000100E+1	0.000000E+0	
-1.100000E+3	-5.334042E-4	-2.205139E-3	2.268735E-3	-1.035982E+2	3.392450E+4	4.321700E+1	5.000000E+1	0.000000E+0	
-1.200000E+3	-5.325421E-4	-2.204270E-3	2.267687E-3	-1.035821E+2	3.392450E+4	4.322300E+1	5.000100E+1	0.000000E+0	
-1.300000E+3	-5.316384E-4	-2.203379E-3	2.266609E-3	-1.035652E+2	3.392450E+4	4.323200E+1	4.999800E+1	0.000000E+0	
-1.400000E+3	-5.307775E-4	-2.201578E-3	2.264656E-3	-1.035548E+2	3.392450E+4	4.322600E+1	4.999900E+1	0.000000E+0	
-1.500000E+3	-5.298703E-4	-2.200708E-3	2.263599E-3	-1.035376E+2	3.392450E+4	4.322200E+1	4.999900E+1	0.000000E+0	
-1.600000E+3	-5.281211E-4	-2.199822E-3	2.262328E-3	-1.034998E+2	3.392450E+4	4.322500E+1	5.000000E+1	0.000000E+0	
-1.700000E+3	-5.272320E-4	-2.198083E-3	2.260430E-3	-1.034881E+2	3.392450E+4	4.322900E+1	5.000100E+1	0.000000E+0	
-1.800000E+3	-5.254897E-4	-2.195450E-3	2.257463E-3	-1.034607E+2	3.392450E+4	4.321900E+1	5.000100E+1	0.000000E+0	
-1.900000E+3	-5.237255E-4	-2.193741E-3	2.255391E-3	-1.034273E+2	3.392450E+4	4.321900E+1	5.000000E+1	0.000000E+0	
-2.000000E+3	-5.202169E-4	-2.190238E-3	2.251170E-3	-1.033611E+2	3.392450E+4	4.321500E+1	5.000000E+1	0.000000E+0	
-2.100000E+3	-5.175847E-4	-2.185800E-3	2.246244E-3	-1.033219E+2	3.392450E+4	4.321500E+1	5.000000E+1	0.000000E+0	
-2.200000E+3	-5.131886E-4	-2.181371E-3	2.240924E-3	-1.032387E+2	3.392450E+4	4.322000E+1	5.000100E+1	0.000000E+0	
-2.300000E+3	-5.087672E-4	-2.176980E-3	2.235640E-3	-1.031541E+2	3.392450E+4	4.321600E+1	5.000100E+1	0.000000E+0	
-2.400000E+3	-5.019294E-4	-2.167323E-3	2.224685E-3	-1.030392E+2	3.392450E+4	4.321600E+1	5.000100E+1	0.000000E+0	
-2.500000E+3	-4.948996E-4	-2.157614E-3	2.213644E-3	-1.029187E+2	3.392450E+4	4.322300E+1	5.000100E+1	0.000000E+0	
-2.600000E+3	-4.815806E-4	-2.143072E-3	2.196515E-3	-1.026648E+2	3.392450E+4	4.322500E+1	5.000100E+1	0.000000E+0	
-2.700000E+3	-4.694782E-4	-2.127436E-3	2.178622E-3	-1.024445E+2	3.392450E+4	4.323100E+1	5.000100E+1	0.000000E+0	
-2.800000E+3	-4.489425E-4	-2.102839E-3	2.150228E-3	-1.020514E+2	3.392450E+4	4.322900E+1	5.000100E+1	0.000000E+0	
-2.900000E+3	-4.285329E-4	-2.078665E-3	2.122378E-3	-1.016488E+2	3.392450E+4	4.321700E+1	5.000100E+1	0.000000E+0	
-3.000000E+3	-3.968640E-4	-2.041001E-3	2.079227E-3	-1.010036E+2	3.392450E+4	4.322900E+1	5.000100E+1	0.000000E+0	
-3.100000E+3	-3.673532E-4	-2.006596E-3	2.039945E-3	-1.003744E+2	3.392450E+4	4.321800E+1	5.000000E+1	0.000000E+0	
-3.200000E+3	-3.270114E-4	-1.959881E-3	1.986975E-3	-9.947269E+1	3.392450E+4	4.321300E+1	4.999900E+1	0.000000E+0	
-3.300000E+3	-2.961452E-4	-1.925045E-3	1.947691E-3	-9.874571E+1	3.392450E+4	4.321700E+1	4.999900E+1	0.000000E+0	
-3.400000E+3	-2.588199E-4	-1.880550E-3	1.898278E-3	-9.783638E+1	3.392450E+4	4.321200E+1	5.000000E+1	0.000000E+0	
-3.500000E+3	-2.320779E-4	-1.850343E-3	1.864840E-3	-9.714895E+1	3.392450E+4	4.321700E+1	4.999900E+1	0.000000E+0	
-3.600000E+3	-2.070095E-4	-1.821373E-3	1.833099E-3	-9.648417E+1	3.392450E+4	4.321900E+1	5.000000E+1	0.000000E+0	
-3.700000E+3	-1.883651E-4	-1.800344E-3	1.810171E-3	-9.597297E+1	3.392450E+4	4.321700E+1	5.000100E+1	0.000000E+0	
-3.800000E+3	-1.762310E-4	-1.784899E-3	1.793578E-3	-9.563879E+1	3.392450E+4	4.322100E+1	5.000000E+1	0.000000E+0	
-3.900000E+3	-1.691724E-4	-1.777045E-3	1.785079E-3	-9.543810E+1	3.392450E+4	4.322000E+1	5.000000E+1	0.000000E+0	
-4.000000E+3	-1.665832E-4	-1.774649E-3	1.782451E-3	-9.536254E+1	3.392450E+4	4.321800E+1	5.000000E+1	0.000000E+0	
-4.100000E+3	-1.691866E-4	-1.777045E-3	1.785081E-3	-9.543855E+1	3.392450E+4	4.321600E+1	5.000000E+1	0.000000E+0	
-4.200000E+3	-1.769268E-4	-1.787587E-3	1.796321E-3	-9.565245E+1	3.392450E+4	4.321900E+1	5.000000E+1	0.000000E+0	
-4.300000E+3	-1.888861E-4	-1.801247E-3	1.811123E-3	-9.598639E+1	3.392450E+4	4.321400E+1	5.000100E+1	0.000000E+0	
-4.400000E+3	-2.109621E-4	-1.826463E-3	1.838606E-3	-9.658864E+1	3.392450E+4	4.321400E+1	5.000100E+1	0.000000E+0	
-4.500000E+3	-2.344300E-4	-1.852724E-3	1.867497E-3	-9.721146E+1	3.392450E+4	4.321400E+1	5.000000E+1	0.000000E+0	
-4.600000E+3	-2.658189E-4	-1.892506E-3	1.911083E-3	-9.799538E+1	3.392450E+4	4.321500E+1	5.000000E+1	0.000000E+0	
-4.700000E+3	-2.972588E-4	-1.929693E-3	1.952455E-3	-9.875727E+1	3.392450E+4	4.322100E+1	4.999900E+1	0.000000E+0	
-4.800000E+3	-3.372018E-4	-1.974836E-3	2.003418E-3	-9.968976E+1	3.392450E+4	4.321800E+1	5.000000E+1	0.000000E+0	
-4.900000E+3	-3.705148E-4	-2.012273E-3	2.046099E-3	-1.004329E+2	3.392450E+4	4.321400E+1	5.000000E+1	0.000000E+0	
-5.000000E+3	-4.061299E-4	-2.054885E-3	2.094634E-3	-1.011799E+2	3.392450E+4	4.321300E+1	5.000000E+1	0.000000E+0	
-5.100000E+3	-4.322175E-4	-2.083941E-3	2.128290E-3	-1.017172E+2	3.392450E+4	4.321400E+1	5.000000E+1	0.000000E+0	
-5.200000E+3	-4.590933E-4	-2.116006E-3	2.165236E-3	-1.022413E+2	3.392450E+4	4.321400E+1	5.000000E+1	0.000000E+0	
-5.300000E+3	-4.808412E-4	-2.140432E-3	2.193777E-3	-1.026611E+2	3.392450E+4	4.321500E+1	5.000000E+1	0.000000E+0	
-5.400000E+3	-5.025183E-4	-2.167017E-3	2.224519E-3	-1.030558E+2	3.392450E+4	4.321700E+1	5.000000E+1	0.000000E+0	
-5.500000E+3	-5.202085E-4	-2.188195E-3	2.249181E-3	-1.033729E+2	3.392450E+4	4.321200E+1	5.000000E+1	0.000000E+0	
-5.600000E+3	-5.410373E-4	-2.214724E-3	2.279852E-3	-1.037280E+2	3.392450E+4	4.322600E+1	4.999900E+1	0.000000E+0	
-5.700000E+3	-5.644610E-4	-2.241507E-3	2.311487E-3	-1.041345E+2	3.392450E+4	4.322300E+1	5.000000E+1	0.000000E+0	
-5.800000E+3	-5.931257E-4	-2.276434E-3	2.352435E-3	-1.046037E+2	3.392450E+4	4.322500E+1	5.000000E+1	0.000000E+0	
-5.900000E+3	-6.194226E-4	-2.307941E-3	2.389619E-3	-1.050234E+2	3.392450E+4	4.323100E+1	4.999900E+1	0.000000E+0	
-6.000000E+3	-6.577571E-4	-2.353074E-3	2.443277E-3	-1.056173E+2	3.392450E+4	4.321600E+1	4.999900E+1	0.000000E+0	
-6.100000E+3	-6.900745E-4	-2.391994E-3	2.489546E-3	-1.060925E+2	3.392450E+4	4.321600E+1	4.999900E+1	0.000000E+0	
-6.200000E+3	-7.301091E-4	-2.439930E-3	2.546825E-3	-1.066590E+2	3.392450E+4	4.322000E+1	4.999800E+1	0.000000E+0	
-6.300000E+3	-7.650845E-4	-2.479705E-3	2.595051E-3	-1.071470E+2	3.392450E+4	4.322600E+1	5.000100E+1	0.000000E+0	
-6.400000E+3	-8.038409E-4	-2.524081E-3	2.648990E-3	-1.076650E+2	3.392450E+4	4.322100E+1	5.000000E+1	0.000000E+0	
-6.500000E+3	-8.311520E-4	-2.554578E-3	2.686388E-3	-1.080227E+2	3.392450E+4	4.322200E+1	5.000000E+1	0.000000E+0	
-6.600000E+3	-8.574047E-4	-2.586033E-3	2.724465E-3	-1.083430E+2	3.392450E+4	4.322000E+1	5.000000E+1	0.000000E+0	
-6.700000E+3	-8.747106E-4	-2.605841E-3	2.748731E-3	-1.085555E+2	3.392450E+4	4.321700E+1	5.000000E+1	0.000000E+0	
-6.800000E+3	-8.882996E-4	-2.621600E-3	2.768007E-3	-1.087184E+2	3.392450E+4	4.321800E+1	5.000000E+1	0.000000E+0	
-6.900000E+3	-8.957825E-4	-2.629570E-3	2.777960E-3	-1.088118E+2	3.392450E+4	4.322000E+1	4.999900E+1	0.000000E+0	
-7.000000E+3	-9.000197E-4	-2.633139E-3	2.782707E-3	-1.088707E+2	3.392450E+4	4.321400E+1	4.999900E+1	0.000000E+0	
-7.100000E+3	-8.992193E-4	-2.633142E-3	2.782451E-3	-1.088551E+2	3.392450E+4	4.321100E+1	4.999900E+1	0.000000E+0	
-7.200000E+3	-8.939550E-4	-2.625195E-3	2.773230E-3	-1.088052E+2	3.392450E+4	4.321300E+1	4.999800E+1	0.000000E+0	
-7.300000E+3	-8.834589E-4	-2.613718E-3	2.758989E-3	-1.086757E+2	3.392450E+4	4.322600E+1	4.999900E+1	0.000000E+0	
-7.400000E+3	-8.635086E-4	-2.589478E-3	2.729660E-3	-1.084419E+2	3.392450E+4	4.322500E+1	5.000000E+1	0.000000E+0	
-7.500000E+3	-8.424337E-4	-2.565125E-3	2.699919E-3	-1.081811E+2	3.392450E+4	4.322600E+1	5.000000E+1	0.000000E+0	
-7.600000E+3	-8.117564E-4	-2.526065E-3	2.653291E-3	-1.078149E+2	3.392450E+4	4.322600E+1	5.000000E+1	0.000000E+0	
-7.700000E+3	-7.803013E-4	-2.490779E-3	2.610143E-3	-1.073945E+2	3.392450E+4	4.322400E+1	5.000000E+1	0.000000E+0	
-7.800000E+3	-7.463607E-4	-2.449464E-3	2.560650E-3	-1.069462E+2	3.392450E+4	4.322400E+1	5.000000E+1	0.000000E+0	
-7.900000E+3	-7.145758E-4	-2.414299E-3	2.517828E-3	-1.064875E+2	3.392450E+4	4.322100E+1	5.000000E+1	0.000000E+0	
-8.000000E+3	-6.830381E-4	-2.377317E-3	2.473495E-3	-1.060301E+2	3.392450E+4	4.322000E+1	5.000000E+1	0.000000E+0	
-8.100000E+3	-6.586757E-4	-2.349737E-3	2.440311E-3	-1.056592E+2	3.392450E+4	4.321900E+1	4.999900E+1	0.000000E+0	
-8.200000E+3	-6.378465E-4	-2.324253E-3	2.410187E-3	-1.053459E+2	3.392450E+4	4.321800E+1	5.000000E+1	0.000000E+0	
-8.300000E+3	-6.223336E-4	-2.307063E-3	2.389527E-3	-1.050963E+2	3.392450E+4	4.321900E+1	5.000100E+1	0.000000E+0	
-8.400000E+3	-6.080962E-4	-2.290342E-3	2.369693E-3	-1.048692E+2	3.392450E+4	4.322300E+1	5.000100E+1	0.000000E+0	
-8.500000E+3	-5.984460E-4	-2.278068E-3	2.355362E-3	-1.047190E+2	3.392450E+4	4.323000E+1	5.000100E+1	0.000000E+0	
-8.600000E+3	-5.890509E-4	-2.266624E-3	2.341915E-3	-1.045678E+2	3.392450E+4	4.323800E+1	5.000100E+1	0.000000E+0	
-8.700000E+3	-5.802627E-4	-2.256427E-3	2.329843E-3	-1.044217E+2	3.392450E+4	4.322500E+1	5.000100E+1	0.000000E+0	
-8.800000E+3	-5.732441E-4	-2.248557E-3	2.320478E-3	-1.043022E+2	3.392450E+4	4.322100E+1	5.000000E+1	0.000000E+0	
-8.900000E+3	-5.671343E-4	-2.241512E-3	2.312145E-3	-1.041987E+2	3.392450E+4	4.322400E+1	5.000000E+1	0.000000E+0	
-9.000000E+3	-5.621377E-4	-2.234624E-3	2.304245E-3	-1.041202E+2	3.392450E+4	4.322900E+1	5.000100E+1	0.000000E+0	
-9.100000E+3	-5.568727E-4	-2.230243E-3	2.298715E-3	-1.040196E+2	3.392450E+4	4.321900E+1	4.999900E+1	0.000000E+0	
-9.200000E+3	-5.541924E-4	-2.225826E-3	2.293781E-3	-1.039814E+2	3.392450E+4	4.321700E+1	5.000000E+1	0.000000E+0	
-9.300000E+3	-5.515806E-4	-2.223175E-3	2.290578E-3	-1.039340E+2	3.392450E+4	4.321500E+1	5.000100E+1	0.000000E+0	
-9.400000E+3	-5.498489E-4	-2.220581E-3	2.287643E-3	-1.039076E+2	3.392450E+4	4.321600E+1	5.000100E+1	0.000000E+0	
-9.500000E+3	-5.480556E-4	-2.219686E-3	2.286345E-3	-1.038693E+2	3.392450E+4	4.322000E+1	5.000000E+1	0.000000E+0	
-9.600000E+3	-5.463095E-4	-2.217963E-3	2.284253E-3	-1.038372E+2	3.392450E+4	4.321800E+1	5.000100E+1	0.000000E+0	
-9.700000E+3	-5.445562E-4	-2.215295E-3	2.281244E-3	-1.038104E+2	3.392450E+4	4.322400E+1	5.000100E+1	0.000000E+0	
-9.800000E+3	-5.445680E-4	-2.215261E-3	2.281213E-3	-1.038109E+2	3.392450E+4	4.321700E+1	5.000100E+1	0.000000E+0	
-9.900000E+3	-5.427838E-4	-2.213532E-3	2.279109E-3	-1.037777E+2	3.392450E+4	4.322300E+1	5.000000E+1	0.000000E+0	
-1.000000E+4	-5.427940E-4	-2.212641E-3	2.278247E-3	-1.037833E+2	3.392450E+4	4.322800E+1	4.999900E+1	0.000000E+0	
-1.010000E+4	-5.418996E-4	-2.212655E-3	2.278047E-3	-1.037614E+2	3.392450E+4	4.322100E+1	4.999800E+1	0.000000E+0	
-1.020000E+4	-5.410119E-4	-2.211779E-3	2.276985E-3	-1.037449E+2	3.392450E+4	4.322500E+1	4.999800E+1	0.000000E+0	
-1.030000E+4	-5.410078E-4	-2.210917E-3	2.276147E-3	-1.037500E+2	3.392450E+4	4.322100E+1	5.000000E+1	0.000000E+0	
-1.040000E+4	-5.401102E-4	-2.210035E-3	2.275077E-3	-1.037333E+2	3.392450E+4	4.322900E+1	5.000000E+1	0.000000E+0	
-1.050000E+4	-5.401142E-4	-2.210918E-3	2.275935E-3	-1.037281E+2	3.392450E+4	4.323200E+1	5.000000E+1	0.000000E+0	
-1.060000E+4	-5.401268E-4	-2.210044E-3	2.275089E-3	-1.037337E+2	3.392450E+4	4.322100E+1	5.000000E+1	0.000000E+0	
-1.070000E+4	-5.401375E-4	-2.210054E-3	2.275102E-3	-1.037339E+2	3.392450E+4	4.321700E+1	5.000000E+1	0.000000E+0	
-1.080000E+4	-5.401231E-4	-2.210905E-3	2.275924E-3	-1.037284E+2	3.392450E+4	4.321600E+1	5.000000E+1	0.000000E+0	
-1.090000E+4	-5.392919E-4	-2.210029E-3	2.274877E-3	-1.037133E+2	3.392450E+4	4.321400E+1	5.000000E+1	0.000000E+0	
-1.100000E+4	-5.392968E-4	-2.210026E-3	2.274875E-3	-1.037135E+2	3.392450E+4	4.321100E+1	5.000100E+1	0.000000E+0	
