	
	Sensitivity=500  uV/pA,, Reserve=Normal,, Time Constant=100ms,, Low Pass Filter=24 dB/oct	
	Daten erstellt am: 	2018_10_05	
	***End of Header***
Stepwith 	Channel X LIA [V] 	Channel Y LIA [V] 	Amplitude LIA [V] 	Phase [°] 	Frequency [Hz] 	Temp Sensor 1 	Temp Sensor 2 	Current I [A]	Voltage over Resistance for Current [V] 
-1.000000E+2	-5.119789E-6	1.077057E-5	1.192550E-5	1.154241E+2	3.389970E+2	4.649200E+1	5.495900E+1	-4.578977E-2	-4.360931E-4
-2.000000E+2	-4.232808E-6	1.059445E-5	1.140873E-5	1.117782E+2	3.389970E+2	4.650500E+1	5.495900E+1	0.000000E+0	
-3.000000E+2	-4.186036E-6	1.052868E-5	1.133031E-5	1.116820E+2	3.389970E+2	4.651100E+1	5.495800E+1	0.000000E+0	
-4.000000E+2	-4.230184E-6	1.052885E-5	1.134686E-5	1.118888E+2	3.389970E+2	4.650300E+1	5.495900E+1	0.000000E+0	
-5.000000E+2	-4.214210E-6	1.052894E-5	1.134100E-5	1.118138E+2	3.389970E+2	4.650900E+1	5.495900E+1	0.000000E+0	
-6.000000E+2	-4.202453E-6	1.052885E-5	1.133655E-5	1.117588E+2	3.389970E+2	4.650900E+1	5.496000E+1	0.000000E+0	
-7.000000E+2	-4.165048E-6	1.052868E-5	1.132258E-5	1.115833E+2	3.389970E+2	4.650400E+1	5.495800E+1	0.000000E+0	
-8.000000E+2	-4.165148E-6	1.052889E-5	1.132281E-5	1.115834E+2	3.389970E+2	4.650100E+1	5.495800E+1	0.000000E+0	
-9.000000E+2	-4.136009E-6	1.054951E-5	1.133132E-5	1.114080E+2	3.389970E+2	4.650600E+1	5.495900E+1	0.000000E+0	
-1.000000E+3	-4.186225E-6	1.052897E-5	1.133065E-5	1.116823E+2	3.389970E+2	4.650500E+1	5.495900E+1	0.000000E+0	
-1.100000E+3	-4.120694E-6	1.062139E-5	1.139272E-5	1.112043E+2	3.389970E+2	4.651100E+1	5.496200E+1	0.000000E+0	
-1.200000E+3	-4.099150E-6	1.057220E-5	1.133906E-5	1.111928E+2	3.389970E+2	4.651100E+1	5.495900E+1	0.000000E+0	
-1.300000E+3	-4.165341E-6	1.052881E-5	1.132281E-5	1.115844E+2	3.389970E+2	4.651300E+1	5.496000E+1	0.000000E+0	
-1.400000E+3	-4.142884E-6	1.059470E-5	1.137590E-5	1.113572E+2	3.389970E+2	4.652600E+1	5.496100E+1	0.000000E+0	
-1.500000E+3	-4.077027E-6	1.059455E-5	1.135195E-5	1.110479E+2	3.389970E+2	4.653200E+1	5.496000E+1	0.000000E+0	
-1.600000E+3	-4.010699E-6	1.057204E-5	1.130724E-5	1.107752E+2	3.389970E+2	4.651400E+1	5.496000E+1	0.000000E+0	
-1.700000E+3	-4.077446E-6	1.059450E-5	1.135205E-5	1.110499E+2	3.389970E+2	4.653100E+1	5.496100E+1	0.000000E+0	
-1.800000E+3	-4.010146E-6	1.052911E-5	1.126692E-5	1.108500E+2	3.389970E+2	4.652700E+1	5.496100E+1	0.000000E+0	
-1.900000E+3	-3.934793E-6	1.052888E-5	1.124011E-5	1.104914E+2	3.389970E+2	4.652900E+1	5.496100E+1	0.000000E+0	
-2.000000E+3	-3.919816E-6	1.055128E-5	1.125587E-5	1.103801E+2	3.389970E+2	4.652900E+1	5.496000E+1	0.000000E+0	
-2.100000E+3	-3.817684E-6	1.057226E-5	1.124044E-5	1.098548E+2	3.389970E+2	4.653100E+1	5.496200E+1	0.000000E+0	
-2.200000E+3	-3.769549E-6	1.059427E-5	1.124491E-5	1.095861E+2	3.389970E+2	4.652600E+1	5.496000E+1	0.000000E+0	
-2.300000E+3	-3.644676E-6	1.059455E-5	1.120393E-5	1.089840E+2	3.389970E+2	4.653500E+1	5.496100E+1	0.000000E+0	
-2.400000E+3	-3.512597E-6	1.053423E-5	1.110443E-5	1.084408E+2	3.389970E+2	4.653400E+1	5.496100E+1	0.000000E+0	
-2.500000E+3	-3.341616E-6	1.055066E-5	1.106719E-5	1.075741E+2	3.389970E+2	4.654100E+1	5.496200E+1	0.000000E+0	
-2.600000E+3	-3.072826E-6	1.052855E-5	1.096780E-5	1.062702E+2	3.389970E+2	4.654300E+1	5.496200E+1	0.000000E+0	
-2.700000E+3	-2.861129E-6	1.055081E-5	1.093186E-5	1.051724E+2	3.389970E+2	4.654000E+1	5.496300E+1	0.000000E+0	
-2.800000E+3	-2.340711E-6	1.059455E-5	1.085004E-5	1.024585E+2	3.389970E+2	4.655400E+1	5.496200E+1	0.000000E+0	
-2.900000E+3	-1.989858E-6	1.059496E-5	1.078020E-5	1.006369E+2	3.389970E+2	4.655500E+1	5.496300E+1	0.000000E+0	
-3.000000E+3	-1.315482E-6	1.059474E-5	1.067610E-5	9.707783E+1	3.389970E+2	4.655100E+1	5.496300E+1	0.000000E+0	
-3.100000E+3	-7.690223E-7	1.059474E-5	1.062261E-5	9.415155E+1	3.389970E+2	4.655800E+1	5.496400E+1	0.000000E+0	
-3.200000E+3	-4.513931E-9	1.063870E-5	1.063871E-5	9.002431E+1	3.389970E+2	4.654900E+1	5.496400E+1	0.000000E+0	
-3.300000E+3	7.216033E-7	1.068363E-5	1.070798E-5	8.613595E+1	3.389970E+2	4.655300E+1	5.496400E+1	0.000000E+0	
-3.400000E+3	1.398603E-6	1.055924E-5	1.065146E-5	8.245492E+1	3.389970E+2	4.655500E+1	5.496400E+1	0.000000E+0	
-3.500000E+3	1.935455E-6	1.068346E-5	1.085736E-5	7.973145E+1	3.389970E+2	4.655700E+1	5.496400E+1	0.000000E+0	
-3.600000E+3	2.547496E-6	1.063886E-5	1.093961E-5	7.653396E+1	3.389970E+2	4.656700E+1	5.496400E+1	0.000000E+0	
-3.700000E+3	2.811949E-6	1.065823E-5	1.102293E-5	7.522049E+1	3.389970E+2	4.656700E+1	5.496400E+1	0.000000E+0	
-3.800000E+3	3.076381E-6	1.074899E-5	1.118056E-5	7.402878E+1	3.389970E+2	4.656100E+1	5.496400E+1	0.000000E+0	
-3.900000E+3	3.200199E-6	1.061725E-5	1.108906E-5	7.322641E+1	3.389970E+2	4.656100E+1	5.496400E+1	0.000000E+0	
-4.000000E+3	3.235396E-6	1.063875E-5	1.111984E-5	7.308474E+1	3.389970E+2	4.655800E+1	5.496400E+1	0.000000E+0	
-4.100000E+3	3.200252E-6	1.059421E-5	1.106702E-5	7.319172E+1	3.389970E+2	4.657400E+1	5.496400E+1	0.000000E+0	
-4.200000E+3	3.044096E-6	1.066129E-5	1.108737E-5	7.406448E+1	3.389970E+2	4.657000E+1	5.496400E+1	0.000000E+0	
-4.300000E+3	2.855750E-6	1.065591E-5	1.103194E-5	7.499745E+1	3.389970E+2	4.658500E+1	5.496400E+1	0.000000E+0	
-4.400000E+3	2.380199E-6	1.068337E-5	1.094530E-5	7.743993E+1	3.389970E+2	4.656400E+1	5.496500E+1	0.000000E+0	
-4.500000E+3	1.918919E-6	1.059425E-5	1.076663E-5	7.973341E+1	3.389970E+2	4.658000E+1	5.496600E+1	0.000000E+0	
-4.600000E+3	1.303194E-6	1.067555E-5	1.075480E-5	8.304018E+1	3.389970E+2	4.658600E+1	5.496500E+1	0.000000E+0	
-4.700000E+3	5.894580E-7	1.066730E-5	1.068357E-5	8.683714E+1	3.389970E+2	4.657800E+1	5.496600E+1	0.000000E+0	
-4.800000E+3	-1.453209E-7	1.059479E-5	1.059579E-5	9.078583E+1	3.389970E+2	4.658100E+1	5.496600E+1	0.000000E+0	
-4.900000E+3	-7.896158E-7	1.059434E-5	1.062373E-5	9.426248E+1	3.389970E+2	4.658500E+1	5.496600E+1	0.000000E+0	
-5.000000E+3	-1.560074E-6	1.059475E-5	1.070899E-5	9.837659E+1	3.389970E+2	4.658700E+1	5.496700E+1	0.000000E+0	
-5.100000E+3	-2.054338E-6	1.052928E-5	1.072782E-5	1.010401E+2	3.389970E+2	4.659100E+1	5.496600E+1	0.000000E+0	
-5.200000E+3	-2.553172E-6	1.060313E-5	1.090620E-5	1.035387E+2	3.389970E+2	4.659100E+1	5.496600E+1	0.000000E+0	
-5.300000E+3	-3.021105E-6	1.054202E-5	1.096637E-5	1.059911E+2	3.389970E+2	4.659500E+1	5.496600E+1	0.000000E+0	
-5.400000E+3	-3.517523E-6	1.053272E-5	1.110456E-5	1.084673E+2	3.389970E+2	4.659700E+1	5.496600E+1	0.000000E+0	
-5.500000E+3	-3.944834E-6	1.050668E-5	1.122284E-5	1.105791E+2	3.389970E+2	4.660300E+1	5.496700E+1	0.000000E+0	
-5.600000E+3	-4.384288E-6	1.060433E-5	1.147492E-5	1.124623E+2	3.389970E+2	4.660800E+1	5.496800E+1	0.000000E+0	
-5.700000E+3	-4.797548E-6	1.052942E-5	1.157088E-5	1.144956E+2	3.389970E+2	4.660500E+1	5.496800E+1	0.000000E+0	
-5.800000E+3	-5.296119E-6	1.052915E-5	1.178609E-5	1.167022E+2	3.389970E+2	4.661000E+1	5.496800E+1	0.000000E+0	
-5.900000E+3	-5.963815E-6	1.052868E-5	1.210042E-5	1.195288E+2	3.389970E+2	4.660300E+1	5.496700E+1	0.000000E+0	
-6.000000E+3	-6.621775E-6	1.043391E-5	1.235777E-5	1.224008E+2	3.389970E+2	4.661900E+1	5.496800E+1	0.000000E+0	
-6.100000E+3	-7.365614E-6	1.046613E-5	1.279813E-5	1.251362E+2	3.389970E+2	4.661000E+1	5.496900E+1	0.000000E+0	
-6.200000E+3	-8.138527E-6	1.042236E-5	1.322351E-5	1.279853E+2	3.389970E+2	4.660500E+1	5.496900E+1	0.000000E+0	
-6.300000E+3	-8.825391E-6	1.047165E-5	1.369464E-5	1.301238E+2	3.389970E+2	4.661600E+1	5.496900E+1	0.000000E+0	
-6.400000E+3	-9.586618E-6	1.044349E-5	1.417638E-5	1.325504E+2	3.389970E+2	4.660900E+1	5.496800E+1	0.000000E+0	
-6.500000E+3	-1.011039E-5	1.044436E-5	1.453632E-5	1.340692E+2	3.389970E+2	4.660100E+1	5.496800E+1	0.000000E+0	
-6.600000E+3	-1.054661E-5	1.046665E-5	1.485873E-5	1.352180E+2	3.389970E+2	4.662500E+1	5.497000E+1	0.000000E+0	
-6.700000E+3	-1.093810E-5	1.046642E-5	1.513896E-5	1.362624E+2	3.389970E+2	4.662000E+1	5.496900E+1	0.000000E+0	
-6.800000E+3	-1.131166E-5	1.042273E-5	1.538138E-5	1.373421E+2	3.389970E+2	4.662500E+1	5.496900E+1	0.000000E+0	
-6.900000E+3	-1.134648E-5	1.040051E-5	1.539199E-5	1.374907E+2	3.389970E+2	4.663100E+1	5.496900E+1	0.000000E+0	
-7.000000E+3	-1.146230E-5	1.040023E-5	1.547737E-5	1.377812E+2	3.389970E+2	4.662000E+1	5.497000E+1	0.000000E+0	
-7.100000E+3	-1.147900E-5	1.035811E-5	1.546150E-5	1.379384E+2	3.389970E+2	4.662500E+1	5.497200E+1	0.000000E+0	
-7.200000E+3	-1.133380E-5	1.035671E-5	1.535306E-5	1.375792E+2	3.389970E+2	4.662400E+1	5.497100E+1	0.000000E+0	
-7.300000E+3	-1.113544E-5	1.044490E-5	1.526742E-5	1.368328E+2	3.389970E+2	4.663600E+1	5.497200E+1	0.000000E+0	
-7.400000E+3	-1.067440E-5	1.044467E-5	1.493432E-5	1.356232E+2	3.389970E+2	4.663200E+1	5.497200E+1	0.000000E+0	
-7.500000E+3	-1.035773E-5	1.052915E-5	1.476975E-5	1.345298E+2	3.389970E+2	4.663100E+1	5.497100E+1	0.000000E+0	
-7.600000E+3	-9.674907E-6	1.044911E-5	1.424035E-5	1.327968E+2	3.389970E+2	4.663000E+1	5.497100E+1	0.000000E+0	
-7.700000E+3	-9.065952E-6	1.037893E-5	1.378092E-5	1.311371E+2	3.389970E+2	4.663900E+1	5.497200E+1	0.000000E+0	
-7.800000E+3	-8.440898E-6	1.050659E-5	1.347729E-5	1.287781E+2	3.389970E+2	4.664700E+1	5.497100E+1	0.000000E+0	
-7.900000E+3	-7.854785E-6	1.052854E-5	1.313574E-5	1.267247E+2	3.389970E+2	4.665300E+1	5.497100E+1	0.000000E+0	
-8.000000E+3	-7.221119E-6	1.050681E-5	1.274902E-5	1.245000E+2	3.389970E+2	4.664900E+1	5.497200E+1	0.000000E+0	
-8.100000E+3	-6.711511E-6	1.046672E-5	1.243369E-5	1.226690E+2	3.389970E+2	4.664500E+1	5.497300E+1	0.000000E+0	
-8.200000E+3	-6.279089E-6	1.050660E-5	1.223992E-5	1.208639E+2	3.389970E+2	4.664400E+1	5.497300E+1	0.000000E+0	
-8.300000E+3	-5.904882E-6	1.052884E-5	1.207162E-5	1.192850E+2	3.389970E+2	4.664500E+1	5.497400E+1	0.000000E+0	
-8.400000E+3	-5.602944E-6	1.052862E-5	1.192664E-5	1.180203E+2	3.389970E+2	4.664100E+1	5.497200E+1	0.000000E+0	
-8.500000E+3	-5.428271E-6	1.050699E-5	1.182637E-5	1.173224E+2	3.389970E+2	4.665400E+1	5.497100E+1	0.000000E+0	
-8.600000E+3	-5.230068E-6	1.050798E-5	1.173760E-5	1.164606E+2	3.389970E+2	4.665200E+1	5.497200E+1	0.000000E+0	
-8.700000E+3	-5.106545E-6	1.051768E-5	1.169181E-5	1.158975E+2	3.389970E+2	4.665600E+1	5.497300E+1	0.000000E+0	
-8.800000E+3	-4.930092E-6	1.054174E-5	1.163761E-5	1.150642E+2	3.389970E+2	4.666600E+1	5.497300E+1	0.000000E+0	
-8.900000E+3	-4.798219E-6	1.052919E-5	1.157094E-5	1.144991E+2	3.389970E+2	4.666600E+1	5.497400E+1	0.000000E+0	
-9.000000E+3	-4.710008E-6	1.052862E-5	1.153413E-5	1.141015E+2	3.389970E+2	4.666200E+1	5.497400E+1	0.000000E+0	
-9.100000E+3	-4.599949E-6	1.048660E-5	1.145113E-5	1.136847E+2	3.389970E+2	4.666100E+1	5.497400E+1	0.000000E+0	
-9.200000E+3	-4.543712E-6	1.046636E-5	1.141008E-5	1.134669E+2	3.389970E+2	4.666100E+1	5.497400E+1	0.000000E+0	
-9.300000E+3	-4.424000E-6	1.050698E-5	1.140037E-5	1.128337E+2	3.389970E+2	4.666500E+1	5.497400E+1	0.000000E+0	
-9.400000E+3	-4.401676E-6	1.052876E-5	1.141181E-5	1.126880E+2	3.389970E+2	4.667300E+1	5.497400E+1	0.000000E+0	
-9.500000E+3	-4.423847E-6	1.052896E-5	1.142057E-5	1.127902E+2	3.389970E+2	4.666800E+1	5.497500E+1	0.000000E+0	
-9.600000E+3	-4.363783E-6	1.053455E-5	1.140260E-5	1.125011E+2	3.389970E+2	4.666500E+1	5.497600E+1	0.000000E+0	
-9.700000E+3	-4.376193E-6	1.057278E-5	1.144268E-5	1.124852E+2	3.389970E+2	4.668100E+1	5.497400E+1	0.000000E+0	
-9.800000E+3	-4.383861E-6	1.049732E-5	1.137594E-5	1.126663E+2	3.389970E+2	4.667300E+1	5.497400E+1	0.000000E+0	
-9.900000E+3	-4.341446E-6	1.046599E-5	1.133072E-5	1.125294E+2	3.389970E+2	4.666400E+1	5.497500E+1	0.000000E+0	
-1.000000E+4	-4.341315E-6	1.048428E-5	1.134756E-5	1.124934E+2	3.389970E+2	4.668000E+1	5.497500E+1	0.000000E+0	
-1.010000E+4	-4.265201E-6	1.052851E-5	1.135964E-5	1.120533E+2	3.389970E+2	4.667600E+1	5.497500E+1	0.000000E+0	
-1.020000E+4	-4.296328E-6	1.055120E-5	1.139238E-5	1.121556E+2	3.389970E+2	4.667700E+1	5.497500E+1	0.000000E+0	
-1.030000E+4	-4.341243E-6	1.059414E-5	1.144911E-5	1.122827E+2	3.389970E+2	4.667000E+1	5.497600E+1	0.000000E+0	
-1.040000E+4	-4.296861E-6	1.052887E-5	1.137190E-5	1.122005E+2	3.389970E+2	4.668200E+1	5.497600E+1	0.000000E+0	
-1.050000E+4	-4.185590E-6	1.050656E-5	1.130960E-5	1.117213E+2	3.389970E+2	4.668200E+1	5.497600E+1	0.000000E+0	
-1.060000E+4	-4.296545E-6	1.052968E-5	1.137253E-5	1.121975E+2	3.389970E+2	4.669200E+1	5.497600E+1	0.000000E+0	
-1.070000E+4	-4.228790E-6	1.052896E-5	1.134644E-5	1.118821E+2	3.389970E+2	4.668400E+1	5.497500E+1	0.000000E+0	
-1.080000E+4	-4.229802E-6	1.052694E-5	1.134494E-5	1.118906E+2	3.389970E+2	4.668100E+1	5.497700E+1	0.000000E+0	
-1.090000E+4	-4.252374E-6	1.052887E-5	1.135516E-5	1.119927E+2	3.389970E+2	4.669900E+1	5.497800E+1	0.000000E+0	
-1.100000E+4	-4.230060E-6	1.055077E-5	1.136715E-5	1.118470E+2	3.389970E+2	4.668700E+1	5.497800E+1	0.000000E+0	
