	
	Sensitivity=50 mV/nA,, Reserve=Normal,, Time Constant=100ms,, Low Pass Filter=24 dB/oct	
	Daten erstellt am: 	2018_10_05	
	***End of Header***
Stepwith 	Channel X LIA [V] 	Channel Y LIA [V] 	Amplitude LIA [V] 	Phase [°] 	Frequency [Hz] 	Temp Sensor 1 	Temp Sensor 2 	Current I [A]	Voltage over Resistance for Current [V] 
-1.000000E+2	3.161175E-3	-1.600858E-3	3.543412E-3	-2.685821E+1	8.162100E+4	2.516300E+1	2.500000E+1	-4.798505E-2	-4.570004E-4
-2.000000E+2	3.161151E-3	-1.600917E-3	3.543418E-3	-2.685924E+1	8.162100E+4	2.516400E+1	2.500000E+1	0.000000E+0	
-3.000000E+2	3.161204E-3	-1.598708E-3	3.542468E-3	-2.682699E+1	8.162100E+4	2.516000E+1	2.500000E+1	0.000000E+0	
-4.000000E+2	3.161192E-3	-1.596434E-3	3.541431E-3	-2.679425E+1	8.162100E+4	2.516400E+1	2.500000E+1	0.000000E+0	
-5.000000E+2	3.158900E-3	-1.594186E-3	3.538372E-3	-2.677848E+1	8.162100E+4	2.516300E+1	2.500100E+1	0.000000E+0	
-6.000000E+2	3.161129E-3	-1.592011E-3	3.539384E-3	-2.673079E+1	8.162100E+4	2.516300E+1	2.500000E+1	0.000000E+0	
-7.000000E+2	3.161160E-3	-1.589827E-3	3.538429E-3	-2.669897E+1	8.162100E+4	2.516100E+1	2.499900E+1	0.000000E+0	
-8.000000E+2	3.161133E-3	-1.587574E-3	3.537393E-3	-2.666657E+1	8.162100E+4	2.515700E+1	2.500000E+1	0.000000E+0	
-9.000000E+2	3.161151E-3	-1.585438E-3	3.536452E-3	-2.663552E+1	8.162100E+4	2.515900E+1	2.500000E+1	0.000000E+0	
-1.000000E+3	3.161210E-3	-1.585436E-3	3.536504E-3	-2.663505E+1	8.162100E+4	2.515900E+1	2.500000E+1	0.000000E+0	
-1.100000E+3	3.163261E-3	-1.581004E-3	3.536353E-3	-2.655598E+1	8.162100E+4	2.516200E+1	2.499900E+1	0.000000E+0	
-1.200000E+3	3.163242E-3	-1.578743E-3	3.535326E-3	-2.652334E+1	8.162100E+4	2.516300E+1	2.500000E+1	0.000000E+0	
-1.300000E+3	3.165513E-3	-1.576469E-3	3.536343E-3	-2.647393E+1	8.162100E+4	2.515900E+1	2.500000E+1	0.000000E+0	
-1.400000E+3	3.165513E-3	-1.572059E-3	3.534380E-3	-2.640994E+1	8.162100E+4	2.515700E+1	2.500000E+1	0.000000E+0	
-1.500000E+3	3.167665E-3	-1.565545E-3	3.533416E-3	-2.629982E+1	8.162100E+4	2.516000E+1	2.499900E+1	0.000000E+0	
-1.600000E+3	3.169921E-3	-1.558825E-3	3.532468E-3	-2.618590E+1	8.162100E+4	2.515900E+1	2.500000E+1	0.000000E+0	
-1.700000E+3	3.169969E-3	-1.550069E-3	3.528657E-3	-2.605797E+1	8.162100E+4	2.515900E+1	2.500000E+1	0.000000E+0	
-1.800000E+3	3.174383E-3	-1.543627E-3	3.529801E-3	-2.593254E+1	8.162100E+4	2.515700E+1	2.500000E+1	0.000000E+0	
-1.900000E+3	3.176550E-3	-1.530452E-3	3.526011E-3	-2.572463E+1	8.162100E+4	2.515800E+1	2.500000E+1	0.000000E+0	
-2.000000E+3	3.180922E-3	-1.517234E-3	3.524239E-3	-2.550017E+1	8.162100E+4	2.515900E+1	2.500000E+1	0.000000E+0	
-2.100000E+3	3.185329E-3	-1.498408E-3	3.520163E-3	-2.519272E+1	8.162100E+4	2.515900E+1	2.500000E+1	0.000000E+0	
-2.200000E+3	3.189660E-3	-1.478529E-3	3.515676E-3	-2.486953E+1	8.162100E+4	2.515900E+1	2.500000E+1	0.000000E+0	
-2.300000E+3	3.198419E-3	-1.450046E-3	3.511768E-3	-2.438779E+1	8.162100E+4	2.515900E+1	2.500000E+1	0.000000E+0	
-2.400000E+3	3.205108E-3	-1.419684E-3	3.505455E-3	-2.389066E+1	8.162100E+4	2.515700E+1	2.500000E+1	0.000000E+0	
-2.500000E+3	3.220435E-3	-1.370294E-3	3.499844E-3	-2.304973E+1	8.162100E+4	2.515600E+1	2.500000E+1	0.000000E+0	
-2.600000E+3	3.232875E-3	-1.320792E-3	3.492273E-3	-2.222249E+1	8.162100E+4	2.515500E+1	2.500000E+1	0.000000E+0	
-2.700000E+3	3.257448E-3	-1.236170E-3	3.484119E-3	-2.078126E+1	8.162100E+4	2.515400E+1	2.500000E+1	0.000000E+0	
-2.800000E+3	3.283536E-3	-1.153513E-3	3.480259E-3	-1.935648E+1	8.162100E+4	2.516000E+1	2.500000E+1	0.000000E+0	
-2.900000E+3	3.328685E-3	-1.006149E-3	3.477424E-3	-1.681829E+1	8.162100E+4	2.515900E+1	2.500100E+1	0.000000E+0	
-3.000000E+3	3.374672E-3	-8.562344E-4	3.481602E-3	-1.423687E+1	8.162100E+4	2.515800E+1	2.500000E+1	0.000000E+0	
-3.100000E+3	3.446423E-3	-6.352568E-4	3.504480E-3	-1.044374E+1	8.162100E+4	2.515900E+1	2.500000E+1	0.000000E+0	
-3.200000E+3	3.517806E-3	-4.273960E-4	3.543674E-3	-6.927202E+0	8.162100E+4	2.516000E+1	2.500000E+1	0.000000E+0	
-3.300000E+3	3.606962E-3	-1.531996E-4	3.610214E-3	-2.432080E+0	8.162100E+4	2.515800E+1	2.500000E+1	0.000000E+0	
-3.400000E+3	3.688156E-3	7.576367E-5	3.688934E-3	1.176829E+0	8.162100E+4	2.515900E+1	2.500100E+1	0.000000E+0	
-3.500000E+3	3.775479E-3	3.423204E-4	3.790966E-3	5.180807E+0	8.162100E+4	2.515500E+1	2.500000E+1	0.000000E+0	
-3.600000E+3	3.837697E-3	5.237964E-4	3.873277E-3	7.772115E+0	8.162100E+4	2.515800E+1	2.500000E+1	0.000000E+0	
-3.700000E+3	3.897411E-3	7.099409E-4	3.961544E-3	1.032364E+1	8.162100E+4	2.515700E+1	2.500000E+1	0.000000E+0	
-3.800000E+3	3.939531E-3	8.377946E-4	4.027630E-3	1.200586E+1	8.162100E+4	2.515800E+1	2.500000E+1	0.000000E+0	
-3.900000E+3	3.968347E-3	9.294716E-4	4.075745E-3	1.318226E+1	8.162100E+4	2.515800E+1	2.500000E+1	0.000000E+0	
-4.000000E+3	3.984616E-3	9.777140E-4	4.102815E-3	1.378642E+1	8.162100E+4	2.515900E+1	2.500100E+1	0.000000E+0	
-4.100000E+3	3.984181E-3	9.899396E-4	4.105323E-3	1.395358E+1	8.162100E+4	2.515700E+1	2.500100E+1	0.000000E+0	
-4.200000E+3	3.980251E-3	9.689606E-4	4.096496E-3	1.368207E+1	8.162100E+4	2.515700E+1	2.500000E+1	0.000000E+0	
-4.300000E+3	3.958301E-3	9.014655E-4	4.059653E-3	1.282975E+1	8.162100E+4	2.515900E+1	2.500100E+1	0.000000E+0	
-4.400000E+3	3.928020E-3	8.092840E-4	4.010521E-3	1.164167E+1	8.162100E+4	2.515600E+1	2.500100E+1	0.000000E+0	
-4.500000E+3	3.874561E-3	6.394608E-4	3.926975E-3	9.371662E+0	8.162100E+4	2.515800E+1	2.500100E+1	0.000000E+0	
-4.600000E+3	3.816603E-3	4.644137E-4	3.844755E-3	6.937784E+0	8.162100E+4	2.515600E+1	2.500100E+1	0.000000E+0	
-4.700000E+3	3.733877E-3	2.135295E-4	3.739978E-3	3.273013E+0	8.162100E+4	2.515700E+1	2.500000E+1	0.000000E+0	
-4.800000E+3	3.659071E-3	-1.161409E-5	3.659089E-3	-1.818593E-1	8.162100E+4	2.515700E+1	2.500100E+1	0.000000E+0	
-4.900000E+3	3.573735E-3	-2.767705E-4	3.584436E-3	-4.428473E+0	8.162100E+4	2.515500E+1	2.500100E+1	0.000000E+0	
-5.000000E+3	3.494733E-3	-5.045290E-4	3.530964E-3	-8.214941E+0	8.162100E+4	2.515700E+1	2.500100E+1	0.000000E+0	
-5.100000E+3	3.416021E-3	-7.512493E-4	3.497653E-3	-1.240301E+1	8.162100E+4	2.515600E+1	2.500100E+1	0.000000E+0	
-5.200000E+3	3.359614E-3	-9.255645E-4	3.484778E-3	-1.540274E+1	8.162100E+4	2.515500E+1	2.500100E+1	0.000000E+0	
-5.300000E+3	3.304684E-3	-1.102029E-3	3.483590E-3	-1.844225E+1	8.162100E+4	2.515700E+1	2.500100E+1	0.000000E+0	
-5.400000E+3	3.261518E-3	-1.241053E-3	3.489658E-3	-2.083251E+1	8.162100E+4	2.515800E+1	2.500100E+1	0.000000E+0	
-5.500000E+3	3.220528E-3	-1.382451E-3	3.504707E-3	-2.323202E+1	8.162100E+4	2.515600E+1	2.500100E+1	0.000000E+0	
-5.600000E+3	3.181868E-3	-1.509766E-3	3.521886E-3	-2.538389E+1	8.162100E+4	2.515500E+1	2.500100E+1	0.000000E+0	
-5.700000E+3	3.142451E-3	-1.655923E-3	3.552053E-3	-2.778711E+1	8.162100E+4	2.515500E+1	2.500100E+1	0.000000E+0	
-5.800000E+3	3.100065E-3	-1.799869E-3	3.584680E-3	-3.013905E+1	8.162100E+4	2.515600E+1	2.500100E+1	0.000000E+0	
-5.900000E+3	3.041538E-3	-1.996082E-3	3.638035E-3	-3.327585E+1	8.162100E+4	2.515700E+1	2.500100E+1	0.000000E+0	
-6.000000E+3	2.982830E-3	-2.189073E-3	3.699908E-3	-3.627462E+1	8.162100E+4	2.515700E+1	2.500000E+1	0.000000E+0	
-6.100000E+3	2.904359E-3	-2.442467E-3	3.794858E-3	-4.006269E+1	8.162100E+4	2.515600E+1	2.500100E+1	0.000000E+0	
-6.200000E+3	2.830170E-3	-2.681544E-3	3.898787E-3	-4.345537E+1	8.162100E+4	2.515800E+1	2.500000E+1	0.000000E+0	
-6.300000E+3	2.736202E-3	-2.973884E-3	4.041137E-3	-4.738356E+1	8.162100E+4	2.515500E+1	2.500000E+1	0.000000E+0	
-6.400000E+3	2.657868E-3	-3.215244E-3	4.171578E-3	-5.042130E+1	8.162100E+4	2.515600E+1	2.500000E+1	0.000000E+0	
-6.500000E+3	2.578366E-3	-3.474089E-3	4.326346E-3	-5.341829E+1	8.162100E+4	2.515600E+1	2.500100E+1	0.000000E+0	
-6.600000E+3	2.512399E-3	-3.672911E-3	4.449991E-3	-5.562651E+1	8.162100E+4	2.515700E+1	2.500100E+1	0.000000E+0	
-6.700000E+3	2.456082E-3	-3.853817E-3	4.569928E-3	-5.749017E+1	8.162100E+4	2.515700E+1	2.500000E+1	0.000000E+0	
-6.800000E+3	2.414263E-3	-3.982050E-3	4.656757E-3	-5.877213E+1	8.162100E+4	2.515600E+1	2.500000E+1	0.000000E+0	
-6.900000E+3	2.381922E-3	-4.083530E-3	4.727449E-3	-5.974501E+1	8.162100E+4	2.515700E+1	2.500100E+1	0.000000E+0	
-7.000000E+3	2.364373E-3	-4.138276E-3	4.766087E-3	-6.025884E+1	8.162100E+4	2.515700E+1	2.500100E+1	0.000000E+0	
-7.100000E+3	2.355583E-3	-4.163342E-3	4.783533E-3	-6.049919E+1	8.162100E+4	2.515600E+1	2.500000E+1	0.000000E+0	
-7.200000E+3	2.357806E-3	-4.152211E-3	4.774946E-3	-6.041021E+1	8.162100E+4	2.515700E+1	2.500000E+1	0.000000E+0	
-7.300000E+3	2.373130E-3	-4.096858E-3	4.734553E-3	-5.991817E+1	8.162100E+4	2.515800E+1	2.500000E+1	0.000000E+0	
-7.400000E+3	2.396628E-3	-4.014679E-3	4.675626E-3	-5.916422E+1	8.162100E+4	2.515500E+1	2.500000E+1	0.000000E+0	
-7.500000E+3	2.440544E-3	-3.865917E-3	4.571824E-3	-5.773588E+1	8.162100E+4	2.515600E+1	2.500000E+1	0.000000E+0	
-7.600000E+3	2.490323E-3	-3.708245E-3	4.466854E-3	-5.611612E+1	8.162100E+4	2.515600E+1	2.500100E+1	0.000000E+0	
-7.700000E+3	2.570278E-3	-3.461977E-3	4.311799E-3	-5.340867E+1	8.162100E+4	2.515700E+1	2.500000E+1	0.000000E+0	
-7.800000E+3	2.638702E-3	-3.249258E-3	4.185741E-3	-5.092016E+1	8.162100E+4	2.515500E+1	2.500000E+1	0.000000E+0	
-7.900000E+3	2.723631E-3	-2.987461E-3	4.042659E-3	-4.764495E+1	8.162100E+4	2.515800E+1	2.500000E+1	0.000000E+0	
-8.000000E+3	2.784824E-3	-2.796110E-3	3.946325E-3	-4.511587E+1	8.162100E+4	2.515700E+1	2.500000E+1	0.000000E+0	
-8.100000E+3	2.860881E-3	-2.569825E-3	3.845600E-3	-4.193220E+1	8.162100E+4	2.515300E+1	2.500000E+1	0.000000E+0	
-8.200000E+3	2.908806E-3	-2.416675E-3	3.781729E-3	-3.972025E+1	8.162100E+4	2.515700E+1	2.500000E+1	0.000000E+0	
-8.300000E+3	2.954313E-3	-2.270005E-3	3.725707E-3	-3.753759E+1	8.162100E+4	2.516000E+1	2.500000E+1	0.000000E+0	
-8.400000E+3	2.985069E-3	-2.169873E-3	3.690391E-3	-3.601374E+1	8.162100E+4	2.515500E+1	2.500000E+1	0.000000E+0	
-8.500000E+3	3.011872E-3	-2.077087E-3	3.658642E-3	-3.459144E+1	8.162100E+4	2.515600E+1	2.500100E+1	0.000000E+0	
-8.600000E+3	3.032628E-3	-2.008114E-3	3.637218E-3	-3.351132E+1	8.162100E+4	2.515600E+1	2.500000E+1	0.000000E+0	
-8.700000E+3	3.052371E-3	-1.940543E-3	3.616998E-3	-3.244613E+1	8.162100E+4	2.515500E+1	2.500000E+1	0.000000E+0	
-8.800000E+3	3.067861E-3	-1.893115E-3	3.604949E-3	-3.167789E+1	8.162100E+4	2.515600E+1	2.500000E+1	0.000000E+0	
-8.900000E+3	3.081352E-3	-1.844750E-3	3.591356E-3	-3.090819E+1	8.162100E+4	2.515100E+1	2.500000E+1	0.000000E+0	
-9.000000E+3	3.093537E-3	-1.807458E-3	3.582858E-3	-3.029642E+1	8.162100E+4	2.515700E+1	2.500000E+1	0.000000E+0	
-9.100000E+3	3.104368E-3	-1.771060E-3	3.574039E-3	-2.970500E+1	8.162100E+4	2.515400E+1	2.500000E+1	0.000000E+0	
-9.200000E+3	3.111112E-3	-1.744701E-3	3.566932E-3	-2.928357E+1	8.162100E+4	2.516000E+1	2.500000E+1	0.000000E+0	
-9.300000E+3	3.117669E-3	-1.720523E-3	3.560907E-3	-2.889264E+1	8.162100E+4	2.515500E+1	2.500000E+1	0.000000E+0	
-9.400000E+3	3.121954E-3	-1.707573E-3	3.558427E-3	-2.867674E+1	8.162100E+4	2.515600E+1	2.500000E+1	0.000000E+0	
-9.500000E+3	3.126385E-3	-1.692029E-3	3.554891E-3	-2.842267E+1	8.162100E+4	2.515900E+1	2.500000E+1	0.000000E+0	
-9.600000E+3	3.130762E-3	-1.681221E-3	3.553614E-3	-2.823583E+1	8.162100E+4	2.515500E+1	2.500100E+1	0.000000E+0	
-9.700000E+3	3.133032E-3	-1.670249E-3	3.550439E-3	-2.806250E+1	8.162100E+4	2.515400E+1	2.500000E+1	0.000000E+0	
-9.800000E+3	3.135193E-3	-1.663587E-3	3.549219E-3	-2.795118E+1	8.162100E+4	2.515400E+1	2.500000E+1	0.000000E+0	
-9.900000E+3	3.137430E-3	-1.656947E-3	3.548090E-3	-2.783954E+1	8.162100E+4	2.515700E+1	2.500000E+1	0.000000E+0	
-1.000000E+4	3.139578E-3	-1.650451E-3	3.546962E-3	-2.773054E+1	8.162100E+4	2.515400E+1	2.500000E+1	0.000000E+0	
-1.010000E+4	3.139606E-3	-1.647006E-3	3.545385E-3	-2.768105E+1	8.162100E+4	2.515400E+1	2.500000E+1	0.000000E+0	
-1.020000E+4	3.141832E-3	-1.642649E-3	3.545336E-3	-2.760199E+1	8.162100E+4	2.515600E+1	2.500100E+1	0.000000E+0	
-1.030000E+4	3.141816E-3	-1.640406E-3	3.544283E-3	-2.756997E+1	8.162100E+4	2.515500E+1	2.500100E+1	0.000000E+0	
-1.040000E+4	3.143991E-3	-1.636007E-3	3.544178E-3	-2.749067E+1	8.162100E+4	2.515700E+1	2.500100E+1	0.000000E+0	
-1.050000E+4	3.144048E-3	-1.633775E-3	3.543199E-3	-2.745822E+1	8.162100E+4	2.515600E+1	2.500100E+1	0.000000E+0	
-1.060000E+4	3.144027E-3	-1.631618E-3	3.542186E-3	-2.742741E+1	8.162100E+4	2.515500E+1	2.500100E+1	0.000000E+0	
-1.070000E+4	3.146300E-3	-1.629301E-3	3.543138E-3	-2.737723E+1	8.162100E+4	2.515600E+1	2.500000E+1	0.000000E+0	
-1.080000E+4	3.146333E-3	-1.627031E-3	3.542124E-3	-2.734438E+1	8.162100E+4	2.515800E+1	2.500000E+1	0.000000E+0	
-1.090000E+4	3.146241E-3	-1.627094E-3	3.542071E-3	-2.734597E+1	8.162100E+4	2.515600E+1	2.500000E+1	0.000000E+0	
-1.100000E+4	3.146307E-3	-1.624918E-3	3.541131E-3	-2.731420E+1	8.162100E+4	2.515700E+1	2.500000E+1	0.000000E+0	
