	
	Sensitivity=50 mV/nA,, Reserve=Normal,, Time Constant=100ms,, Low Pass Filter=24 dB/oct	
	Daten erstellt am: 	2018_10_05	
	***End of Header***
Stepwith 	Channel X LIA [V] 	Channel Y LIA [V] 	Amplitude LIA [V] 	Phase [°] 	Frequency [Hz] 	Temp Sensor 1 	Temp Sensor 2 	Current I [A]	Voltage over Resistance for Current [V] 
-1.000000E+2	2.143371E-3	-2.183260E-3	3.059520E-3	-4.552822E+1	7.326200E+4	3.914600E+1	4.500100E+1	-4.728740E-2	-4.503562E-4
-2.000000E+2	2.141267E-3	-2.183249E-3	3.058039E-3	-4.555621E+1	7.326200E+4	3.914600E+1	4.500100E+1	0.000000E+0	
-3.000000E+2	2.141208E-3	-2.183272E-3	3.058014E-3	-4.555729E+1	7.326200E+4	3.914400E+1	4.500000E+1	0.000000E+0	
-4.000000E+2	2.141294E-3	-2.181052E-3	3.056489E-3	-4.552700E+1	7.326200E+4	3.914200E+1	4.499900E+1	0.000000E+0	
-5.000000E+2	2.141255E-3	-2.178881E-3	3.054913E-3	-4.549900E+1	7.326200E+4	3.914500E+1	4.499800E+1	0.000000E+0	
-6.000000E+2	2.141274E-3	-2.176621E-3	3.053315E-3	-4.546902E+1	7.326200E+4	3.914600E+1	4.500000E+1	0.000000E+0	
-7.000000E+2	2.141265E-3	-2.176637E-3	3.053320E-3	-4.546935E+1	7.326200E+4	3.914500E+1	4.499800E+1	0.000000E+0	
-8.000000E+2	2.141264E-3	-2.176595E-3	3.053290E-3	-4.546881E+1	7.326200E+4	3.914200E+1	4.500000E+1	0.000000E+0	
-9.000000E+2	2.141243E-3	-2.174468E-3	3.051759E-3	-4.544108E+1	7.326200E+4	3.914700E+1	4.500100E+1	0.000000E+0	
-1.000000E+3	2.141250E-3	-2.174502E-3	3.051788E-3	-4.544144E+1	7.326200E+4	3.914600E+1	4.500100E+1	0.000000E+0	
-1.100000E+3	2.141235E-3	-2.172262E-3	3.050182E-3	-4.541213E+1	7.326200E+4	3.914300E+1	4.500000E+1	0.000000E+0	
-1.200000E+3	2.143359E-3	-2.172318E-3	3.051713E-3	-4.538445E+1	7.326200E+4	3.914400E+1	4.500000E+1	0.000000E+0	
-1.300000E+3	2.143376E-3	-2.167958E-3	3.048623E-3	-4.532668E+1	7.326200E+4	3.914300E+1	4.499900E+1	0.000000E+0	
-1.400000E+3	2.143348E-3	-2.167898E-3	3.048561E-3	-4.532627E+1	7.326200E+4	3.914500E+1	4.500000E+1	0.000000E+0	
-1.500000E+3	2.145615E-3	-2.163623E-3	3.047118E-3	-4.523944E+1	7.326200E+4	3.914300E+1	4.500000E+1	0.000000E+0	
-1.600000E+3	2.145588E-3	-2.163662E-3	3.047127E-3	-4.524031E+1	7.326200E+4	3.914800E+1	4.500000E+1	0.000000E+0	
-1.700000E+3	2.145981E-3	-2.159233E-3	3.044260E-3	-4.517638E+1	7.326200E+4	3.914600E+1	4.500000E+1	0.000000E+0	
-1.800000E+3	2.147821E-3	-2.154864E-3	3.042462E-3	-4.509379E+1	7.326200E+4	3.914800E+1	4.500000E+1	0.000000E+0	
-1.900000E+3	2.150081E-3	-2.148230E-3	3.039365E-3	-4.497533E+1	7.326200E+4	3.914100E+1	4.500000E+1	0.000000E+0	
-2.000000E+3	2.152175E-3	-2.143769E-3	3.037697E-3	-4.488789E+1	7.326200E+4	3.914400E+1	4.500200E+1	0.000000E+0	
-2.100000E+3	2.154379E-3	-2.135040E-3	3.033108E-3	-4.474169E+1	7.326200E+4	3.914000E+1	4.500100E+1	0.000000E+0	
-2.200000E+3	2.156563E-3	-2.128263E-3	3.029896E-3	-4.462159E+1	7.326200E+4	3.914100E+1	4.500100E+1	0.000000E+0	
-2.300000E+3	2.160931E-3	-2.115041E-3	3.023743E-3	-4.438513E+1	7.326200E+4	3.914000E+1	4.500000E+1	0.000000E+0	
-2.400000E+3	2.165346E-3	-2.101870E-3	3.017711E-3	-4.414778E+1	7.326200E+4	3.914400E+1	4.500000E+1	0.000000E+0	
-2.500000E+3	2.174167E-3	-2.077703E-3	3.007300E-3	-4.370033E+1	7.326200E+4	3.914200E+1	4.500100E+1	0.000000E+0	
-2.600000E+3	2.180745E-3	-2.054642E-3	2.996198E-3	-4.329459E+1	7.326200E+4	3.914500E+1	4.500200E+1	0.000000E+0	
-2.700000E+3	2.193666E-3	-2.017594E-3	2.980412E-3	-4.260586E+1	7.326200E+4	3.914500E+1	4.500100E+1	0.000000E+0	
-2.800000E+3	2.209115E-3	-1.975824E-3	2.963793E-3	-4.180934E+1	7.326200E+4	3.914300E+1	4.499900E+1	0.000000E+0	
-2.900000E+3	2.232900E-3	-1.911098E-3	2.939071E-3	-4.055962E+1	7.326200E+4	3.914300E+1	4.500100E+1	0.000000E+0	
-3.000000E+3	2.256672E-3	-1.849364E-3	2.917655E-3	-3.933495E+1	7.326200E+4	3.914700E+1	4.500000E+1	0.000000E+0	
-3.100000E+3	2.291835E-3	-1.752127E-3	2.884867E-3	-3.739821E+1	7.326200E+4	3.914600E+1	4.500100E+1	0.000000E+0	
-3.200000E+3	2.326636E-3	-1.657151E-3	2.856464E-3	-3.546044E+1	7.326200E+4	3.914400E+1	4.500200E+1	0.000000E+0	
-3.300000E+3	2.375372E-3	-1.532933E-3	2.827062E-3	-3.283596E+1	7.326200E+4	3.914500E+1	4.500100E+1	0.000000E+0	
-3.400000E+3	2.416036E-3	-1.433320E-3	2.809205E-3	-3.067866E+1	7.326200E+4	3.914300E+1	4.500100E+1	0.000000E+0	
-3.500000E+3	2.457877E-3	-1.317798E-3	2.788862E-3	-2.819810E+1	7.326200E+4	3.914100E+1	4.500000E+1	0.000000E+0	
-3.600000E+3	2.490000E-3	-1.236373E-3	2.780058E-3	-2.640602E+1	7.326200E+4	3.914400E+1	4.500100E+1	0.000000E+0	
-3.700000E+3	2.520778E-3	-1.156417E-3	2.773378E-3	-2.464348E+1	7.326200E+4	3.914200E+1	4.500000E+1	0.000000E+0	
-3.800000E+3	2.537682E-3	-1.104324E-3	2.767555E-3	-2.351724E+1	7.326200E+4	3.914500E+1	4.500000E+1	0.000000E+0	
-3.900000E+3	2.555316E-3	-1.059258E-3	2.766165E-3	-2.251554E+1	7.326200E+4	3.914700E+1	4.500100E+1	0.000000E+0	
-4.000000E+3	2.564053E-3	-1.038707E-3	2.766456E-3	-2.205305E+1	7.326200E+4	3.915000E+1	4.500100E+1	0.000000E+0	
-4.100000E+3	2.566327E-3	-1.029930E-3	2.765283E-3	-2.186681E+1	7.326200E+4	3.914300E+1	4.500200E+1	0.000000E+0	
-4.200000E+3	2.564053E-3	-1.038717E-3	2.766460E-3	-2.205323E+1	7.326200E+4	3.914100E+1	4.500100E+1	0.000000E+0	
-4.300000E+3	2.550824E-3	-1.067288E-3	2.765105E-3	-2.270487E+1	7.326200E+4	3.913800E+1	4.499900E+1	0.000000E+0	
-4.400000E+3	2.537682E-3	-1.105966E-3	2.768211E-3	-2.354841E+1	7.326200E+4	3.913900E+1	4.500000E+1	0.000000E+0	
-4.500000E+3	2.507558E-3	-1.186906E-3	2.774274E-3	-2.532967E+1	7.326200E+4	3.914200E+1	4.500100E+1	0.000000E+0	
-4.600000E+3	2.481149E-3	-1.254656E-3	2.780335E-3	-2.682460E+1	7.326200E+4	3.914300E+1	4.500100E+1	0.000000E+0	
-4.700000E+3	2.435812E-3	-1.371736E-3	2.795503E-3	-2.938618E+1	7.326200E+4	3.914400E+1	4.500200E+1	0.000000E+0	
-4.800000E+3	2.402788E-3	-1.459249E-3	2.811192E-3	-3.127094E+1	7.326200E+4	3.914300E+1	4.500100E+1	0.000000E+0	
-4.900000E+3	2.356800E-3	-1.581386E-3	2.838184E-3	-3.386117E+1	7.326200E+4	3.914100E+1	4.500100E+1	0.000000E+0	
-5.000000E+3	2.322689E-3	-1.677919E-3	2.865361E-3	-3.584448E+1	7.326200E+4	3.914500E+1	4.500200E+1	0.000000E+0	
-5.100000E+3	2.280936E-3	-1.786925E-3	2.897546E-3	-3.807576E+1	7.326200E+4	3.914600E+1	4.500100E+1	0.000000E+0	
-5.200000E+3	2.248590E-3	-1.867063E-3	2.922684E-3	-3.970374E+1	7.326200E+4	3.914400E+1	4.500100E+1	0.000000E+0	
-5.300000E+3	2.217873E-3	-1.949667E-3	2.952992E-3	-4.131775E+1	7.326200E+4	3.914400E+1	4.500100E+1	0.000000E+0	
-5.400000E+3	2.197322E-3	-2.012141E-3	2.979419E-3	-4.248108E+1	7.326200E+4	3.914700E+1	4.500200E+1	0.000000E+0	
-5.500000E+3	2.172584E-3	-2.077641E-3	3.006113E-3	-4.372032E+1	7.326200E+4	3.914500E+1	4.500200E+1	0.000000E+0	
-5.600000E+3	2.154373E-3	-2.132672E-3	3.031437E-3	-4.470997E+1	7.326200E+4	3.914400E+1	4.500100E+1	0.000000E+0	
-5.700000E+3	2.125712E-3	-2.208766E-3	3.065502E-3	-4.609773E+1	7.326200E+4	3.914200E+1	4.500100E+1	0.000000E+0	
-5.800000E+3	2.106723E-3	-2.265891E-3	3.093953E-3	-4.708471E+1	7.326200E+4	3.914000E+1	4.500000E+1	0.000000E+0	
-5.900000E+3	2.075958E-3	-2.354045E-3	3.138651E-3	-4.859194E+1	7.326200E+4	3.914300E+1	4.500000E+1	0.000000E+0	
-6.000000E+3	2.047780E-3	-2.439887E-3	3.185350E-3	-4.999350E+1	7.326200E+4	3.914500E+1	4.500000E+1	0.000000E+0	
-6.100000E+3	2.005592E-3	-2.554897E-3	3.248061E-3	-5.186812E+1	7.326200E+4	3.914400E+1	4.500100E+1	0.000000E+0	
-6.200000E+3	1.969407E-3	-2.654851E-3	3.305571E-3	-5.343144E+1	7.326200E+4	3.914200E+1	4.500100E+1	0.000000E+0	
-6.300000E+3	1.918744E-3	-2.785769E-3	3.382615E-3	-5.544223E+1	7.326200E+4	3.914400E+1	4.500100E+1	0.000000E+0	
-6.400000E+3	1.882192E-3	-2.887812E-3	3.447043E-3	-5.690486E+1	7.326200E+4	3.914000E+1	4.500100E+1	0.000000E+0	
-6.500000E+3	1.836720E-3	-3.006787E-3	3.523395E-3	-5.858099E+1	7.326200E+4	3.914300E+1	4.500100E+1	0.000000E+0	
-6.600000E+3	1.799376E-3	-3.100170E-3	3.584523E-3	-5.986861E+1	7.326200E+4	3.914200E+1	4.500100E+1	0.000000E+0	
-6.700000E+3	1.774700E-3	-3.173471E-3	3.635998E-3	-6.078477E+1	7.326200E+4	3.914500E+1	4.500100E+1	0.000000E+0	
-6.800000E+3	1.755820E-3	-3.229557E-3	3.675995E-3	-6.146830E+1	7.326200E+4	3.914100E+1	4.500000E+1	0.000000E+0	
-6.900000E+3	1.738215E-3	-3.271702E-3	3.704784E-3	-6.201884E+1	7.326200E+4	3.914400E+1	4.500100E+1	0.000000E+0	
-7.000000E+3	1.729409E-3	-3.296581E-3	3.722674E-3	-6.231819E+1	7.326200E+4	3.914300E+1	4.500100E+1	0.000000E+0	
-7.100000E+3	1.725068E-3	-3.307605E-3	3.730430E-3	-6.245590E+1	7.326200E+4	3.914200E+1	4.500100E+1	0.000000E+0	
-7.200000E+3	1.725054E-3	-3.303233E-3	3.726547E-3	-6.242500E+1	7.326200E+4	3.914400E+1	4.500100E+1	0.000000E+0	
-7.300000E+3	1.731704E-3	-3.281175E-3	3.710109E-3	-6.217627E+1	7.326200E+4	3.914400E+1	4.500000E+1	0.000000E+0	
-7.400000E+3	1.744813E-3	-3.246780E-3	3.685913E-3	-6.174650E+1	7.326200E+4	3.914200E+1	4.500200E+1	0.000000E+0	
-7.500000E+3	1.766856E-3	-3.184413E-3	3.641739E-3	-6.097652E+1	7.326200E+4	3.914300E+1	4.500000E+1	0.000000E+0	
-7.600000E+3	1.790656E-3	-3.114220E-3	3.592327E-3	-6.010138E+1	7.326200E+4	3.914500E+1	4.500000E+1	0.000000E+0	
-7.700000E+3	1.827968E-3	-3.010869E-3	3.522329E-3	-5.873710E+1	7.326200E+4	3.914100E+1	4.500100E+1	0.000000E+0	
-7.800000E+3	1.862360E-3	-2.920960E-3	3.464159E-3	-5.747903E+1	7.326200E+4	3.913900E+1	4.500000E+1	0.000000E+0	
-7.900000E+3	1.906300E-3	-2.803368E-3	3.390111E-3	-5.578415E+1	7.326200E+4	3.914600E+1	4.500100E+1	0.000000E+0	
-8.000000E+3	1.939751E-3	-2.716633E-3	3.338072E-3	-5.447212E+1	7.326200E+4	3.914000E+1	4.500100E+1	0.000000E+0	
-8.100000E+3	1.975168E-3	-2.619754E-3	3.280914E-3	-5.298546E+1	7.326200E+4	3.914300E+1	4.500100E+1	0.000000E+0	
-8.200000E+3	2.003850E-3	-2.548251E-3	3.241758E-3	-5.181979E+1	7.326200E+4	3.914300E+1	4.500000E+1	0.000000E+0	
-8.300000E+3	2.027937E-3	-2.480661E-3	3.204092E-3	-5.073404E+1	7.326200E+4	3.914500E+1	4.500100E+1	0.000000E+0	
-8.400000E+3	2.043338E-3	-2.435481E-3	3.179119E-3	-5.000378E+1	7.326200E+4	3.914500E+1	4.500200E+1	0.000000E+0	
-8.500000E+3	2.058325E-3	-2.391365E-3	3.155207E-3	-4.928036E+1	7.326200E+4	3.914100E+1	4.500100E+1	0.000000E+0	
-8.600000E+3	2.069285E-3	-2.362962E-3	3.140944E-3	-4.879082E+1	7.326200E+4	3.914300E+1	4.500100E+1	0.000000E+0	
-8.700000E+3	2.078027E-3	-2.335315E-3	3.126003E-3	-4.833643E+1	7.326200E+4	3.914100E+1	4.500200E+1	0.000000E+0	
-8.800000E+3	2.086821E-3	-2.313256E-3	3.115441E-3	-4.794594E+1	7.326200E+4	3.914200E+1	4.500200E+1	0.000000E+0	
-8.900000E+3	2.095652E-3	-2.288611E-3	3.103143E-3	-4.752007E+1	7.326200E+4	3.914300E+1	4.500100E+1	0.000000E+0	
-9.000000E+3	2.102288E-3	-2.271564E-3	3.095096E-3	-4.721635E+1	7.326200E+4	3.914300E+1	4.500100E+1	0.000000E+0	
-9.100000E+3	2.106643E-3	-2.257128E-3	3.087486E-3	-4.697506E+1	7.326200E+4	3.914400E+1	4.500100E+1	0.000000E+0	
-9.200000E+3	2.111054E-3	-2.243854E-3	3.080817E-3	-4.674666E+1	7.326200E+4	3.914500E+1	4.500000E+1	0.000000E+0	
-9.300000E+3	2.115452E-3	-2.235160E-3	3.077511E-3	-4.657611E+1	7.326200E+4	3.914100E+1	4.499900E+1	0.000000E+0	
-9.400000E+3	2.116846E-3	-2.226468E-3	3.072164E-3	-4.644579E+1	7.326200E+4	3.914200E+1	4.500100E+1	0.000000E+0	
-9.500000E+3	2.119099E-3	-2.219796E-3	3.068888E-3	-4.632948E+1	7.326200E+4	3.914000E+1	4.500000E+1	0.000000E+0	
-9.600000E+3	2.121249E-3	-2.215347E-3	3.067158E-3	-4.624305E+1	7.326200E+4	3.914200E+1	4.500000E+1	0.000000E+0	
-9.700000E+3	2.123544E-3	-2.210945E-3	3.065570E-3	-4.615515E+1	7.326200E+4	3.914100E+1	4.500000E+1	0.000000E+0	
-9.800000E+3	2.125614E-3	-2.208766E-3	3.065434E-3	-4.609905E+1	7.326200E+4	3.914000E+1	4.499900E+1	0.000000E+0	
-9.900000E+3	2.125666E-3	-2.206519E-3	3.063851E-3	-4.606921E+1	7.326200E+4	3.914300E+1	4.500100E+1	0.000000E+0	
-1.000000E+4	2.125593E-3	-2.202150E-3	3.060655E-3	-4.601344E+1	7.326200E+4	3.914000E+1	4.500000E+1	0.000000E+0	
-1.010000E+4	2.127879E-3	-2.202175E-3	3.062261E-3	-4.598299E+1	7.326200E+4	3.914400E+1	4.500000E+1	0.000000E+0	
-1.020000E+4	2.127875E-3	-2.199846E-3	3.060584E-3	-4.595276E+1	7.326200E+4	3.914000E+1	4.500000E+1	0.000000E+0	
-1.030000E+4	2.130052E-3	-2.198730E-3	3.061296E-3	-4.590895E+1	7.326200E+4	3.914100E+1	4.500200E+1	0.000000E+0	
-1.040000E+4	2.130000E-3	-2.196548E-3	3.059693E-3	-4.588121E+1	7.326200E+4	3.914300E+1	4.500100E+1	0.000000E+0	
-1.050000E+4	2.130049E-3	-2.194318E-3	3.058127E-3	-4.585146E+1	7.326200E+4	3.913800E+1	4.500200E+1	0.000000E+0	
-1.060000E+4	2.130143E-3	-2.194355E-3	3.058219E-3	-4.585068E+1	7.326200E+4	3.914200E+1	4.500000E+1	0.000000E+0	
-1.070000E+4	2.130087E-3	-2.194314E-3	3.058150E-3	-4.585091E+1	7.326200E+4	3.914400E+1	4.500100E+1	0.000000E+0	
-1.080000E+4	2.130078E-3	-2.194773E-3	3.058473E-3	-4.585702E+1	7.326200E+4	3.914200E+1	4.500100E+1	0.000000E+0	
-1.090000E+4	2.132332E-3	-2.192183E-3	3.058187E-3	-4.579292E+1	7.326200E+4	3.913900E+1	4.500100E+1	0.000000E+0	
-1.100000E+4	2.130052E-3	-2.194377E-3	3.058171E-3	-4.585221E+1	7.326200E+4	3.914500E+1	4.500000E+1	0.000000E+0	
