	
	Sensitivity=10 mV/nA,, Reserve=Normal,, Time Constant=100ms,, Low Pass Filter=24 dB/oct	
	Daten erstellt am: 	2018_10_05	
	***End of Header***
Stepwith 	Channel X LIA [V] 	Channel Y LIA [V] 	Amplitude LIA [V] 	Phase [°] 	Frequency [Hz] 	Temp Sensor 1 	Temp Sensor 2 	Current I [A]	Voltage over Resistance for Current [V] 
-1.000000E+2	-8.833225E-4	-3.572473E-4	9.528296E-4	-1.579798E+2	8.663080E+3	3.275900E+1	3.500100E+1	-4.844088E-2	-4.613417E-4
-2.000000E+2	-8.828618E-4	-3.572360E-4	9.523983E-4	-1.579701E+2	8.663080E+3	3.275500E+1	3.500000E+1	0.000000E+0	
-3.000000E+2	-8.824273E-4	-3.568011E-4	9.518324E-4	-1.579845E+2	8.663080E+3	3.275800E+1	3.500100E+1	0.000000E+0	
-4.000000E+2	-8.828685E-4	-3.567879E-4	9.522365E-4	-1.579952E+2	8.663080E+3	3.275700E+1	3.500100E+1	0.000000E+0	
-5.000000E+2	-8.819855E-4	-3.567959E-4	9.514209E-4	-1.579748E+2	8.663080E+3	3.275600E+1	3.500100E+1	0.000000E+0	
-6.000000E+2	-8.819831E-4	-3.567949E-4	9.514183E-4	-1.579748E+2	8.663080E+3	3.275700E+1	3.500000E+1	0.000000E+0	
-7.000000E+2	-8.815519E-4	-3.567953E-4	9.510188E-4	-1.579651E+2	8.663080E+3	3.275700E+1	3.500100E+1	0.000000E+0	
-8.000000E+2	-8.811036E-4	-3.563621E-4	9.504407E-4	-1.579791E+2	8.663080E+3	3.275900E+1	3.500100E+1	0.000000E+0	
-9.000000E+2	-8.810942E-4	-3.563656E-4	9.504333E-4	-1.579787E+2	8.663080E+3	3.275900E+1	3.500000E+1	0.000000E+0	
-1.000000E+3	-8.809069E-4	-3.563619E-4	9.502582E-4	-1.579747E+2	8.663080E+3	3.275800E+1	3.500200E+1	0.000000E+0	
-1.100000E+3	-8.802254E-4	-3.563586E-4	9.496253E-4	-1.579595E+2	8.663080E+3	3.275500E+1	3.500100E+1	0.000000E+0	
-1.200000E+3	-8.797964E-4	-3.559107E-4	9.490596E-4	-1.579748E+2	8.663080E+3	3.275600E+1	3.500100E+1	0.000000E+0	
-1.300000E+3	-8.793513E-4	-3.559232E-4	9.486516E-4	-1.579640E+2	8.663080E+3	3.275700E+1	3.500100E+1	0.000000E+0	
-1.400000E+3	-8.784681E-4	-3.554861E-4	9.476690E-4	-1.579685E+2	8.663080E+3	3.275500E+1	3.500000E+1	0.000000E+0	
-1.500000E+3	-8.780342E-4	-3.554815E-4	9.472651E-4	-1.579589E+2	8.663080E+3	3.275600E+1	3.500100E+1	0.000000E+0	
-1.600000E+3	-8.771592E-4	-3.554833E-4	9.464548E-4	-1.579389E+2	8.663080E+3	3.275700E+1	3.500000E+1	0.000000E+0	
-1.700000E+3	-8.764275E-4	-3.550453E-4	9.456122E-4	-1.579469E+2	8.663080E+3	3.275400E+1	3.500000E+1	0.000000E+0	
-1.800000E+3	-8.750850E-4	-3.546148E-4	9.442063E-4	-1.579405E+2	8.663080E+3	3.275900E+1	3.500100E+1	0.000000E+0	
-1.900000E+3	-8.737791E-4	-3.541734E-4	9.428301E-4	-1.579356E+2	8.663080E+3	3.275800E+1	3.500100E+1	0.000000E+0	
-2.000000E+3	-8.720106E-4	-3.537057E-4	9.410155E-4	-1.579215E+2	8.663080E+3	3.275600E+1	3.500100E+1	0.000000E+0	
-2.100000E+3	-8.695251E-4	-3.528237E-4	9.383808E-4	-1.579144E+2	8.663080E+3	3.275700E+1	3.500100E+1	0.000000E+0	
-2.200000E+3	-8.672626E-4	-3.519534E-4	9.359570E-4	-1.579117E+2	8.663080E+3	3.275400E+1	3.500200E+1	0.000000E+0	
-2.300000E+3	-8.636550E-4	-3.510716E-4	9.322828E-4	-1.578785E+2	8.663080E+3	3.275500E+1	3.500100E+1	0.000000E+0	
-2.400000E+3	-8.602335E-4	-3.497717E-4	9.286237E-4	-1.578733E+2	8.663080E+3	3.275900E+1	3.500200E+1	0.000000E+0	
-2.500000E+3	-8.549533E-4	-3.480177E-4	9.230718E-4	-1.578507E+2	8.663080E+3	3.275600E+1	3.500200E+1	0.000000E+0	
-2.600000E+3	-8.489570E-4	-3.458048E-4	9.166837E-4	-1.578375E+2	8.663080E+3	3.275600E+1	3.500200E+1	0.000000E+0	
-2.700000E+3	-8.394112E-4	-3.427828E-4	9.067035E-4	-1.577868E+2	8.663080E+3	3.275700E+1	3.500300E+1	0.000000E+0	
-2.800000E+3	-8.284989E-4	-3.392380E-4	8.952613E-4	-1.577328E+2	8.663080E+3	3.275500E+1	3.500100E+1	0.000000E+0	
-2.900000E+3	-8.137685E-4	-3.340017E-4	8.796456E-4	-1.576849E+2	8.663080E+3	3.275600E+1	3.500100E+1	0.000000E+0	
-3.000000E+3	-7.954443E-4	-3.284668E-4	8.605940E-4	-1.575626E+2	8.663080E+3	3.275800E+1	3.500200E+1	0.000000E+0	
-3.100000E+3	-7.713776E-4	-3.201388E-4	8.351720E-4	-1.574605E+2	8.663080E+3	3.276000E+1	3.500100E+1	0.000000E+0	
-3.200000E+3	-7.482777E-4	-3.130700E-4	8.111303E-4	-1.572962E+2	8.663080E+3	3.276200E+1	3.500100E+1	0.000000E+0	
-3.300000E+3	-7.173474E-4	-3.029596E-4	7.786988E-4	-1.571041E+2	8.663080E+3	3.275800E+1	3.500100E+1	0.000000E+0	
-3.400000E+3	-6.928794E-4	-2.952453E-4	7.531611E-4	-1.569205E+2	8.663080E+3	3.275600E+1	3.500100E+1	0.000000E+0	
-3.500000E+3	-6.660206E-4	-2.861282E-4	7.248812E-4	-1.567512E+2	8.663080E+3	3.275700E+1	3.500200E+1	0.000000E+0	
-3.600000E+3	-6.443502E-4	-2.795353E-4	7.023725E-4	-1.565476E+2	8.663080E+3	3.275700E+1	3.500100E+1	0.000000E+0	
-3.700000E+3	-6.249726E-4	-2.731308E-4	6.820493E-4	-1.563933E+2	8.663080E+3	3.275600E+1	3.500100E+1	0.000000E+0	
-3.800000E+3	-6.120617E-4	-2.687103E-4	6.684495E-4	-1.562973E+2	8.663080E+3	3.275900E+1	3.500200E+1	0.000000E+0	
-3.900000E+3	-6.018983E-4	-2.656561E-4	6.579169E-4	-1.561851E+2	8.663080E+3	3.275900E+1	3.500100E+1	0.000000E+0	
-4.000000E+3	-5.963249E-4	-2.639195E-4	6.521173E-4	-1.561269E+2	8.663080E+3	3.275400E+1	3.500100E+1	0.000000E+0	
-4.100000E+3	-5.941390E-4	-2.630161E-4	6.497527E-4	-1.561218E+2	8.663080E+3	3.275600E+1	3.500100E+1	0.000000E+0	
-4.200000E+3	-5.958997E-4	-2.639258E-4	6.517310E-4	-1.561113E+2	8.663080E+3	3.275700E+1	3.500000E+1	0.000000E+0	
-4.300000E+3	-6.023567E-4	-2.656710E-4	6.583424E-4	-1.562000E+2	8.663080E+3	3.275800E+1	3.500100E+1	0.000000E+0	
-4.400000E+3	-6.115683E-4	-2.690038E-4	6.681159E-4	-1.562573E+2	8.663080E+3	3.276000E+1	3.500100E+1	0.000000E+0	
-4.500000E+3	-6.275468E-4	-2.742554E-4	6.848584E-4	-1.563933E+2	8.663080E+3	3.275800E+1	3.500000E+1	0.000000E+0	
-4.600000E+3	-6.462279E-4	-2.799818E-4	7.042729E-4	-1.565751E+2	8.663080E+3	3.275900E+1	3.500100E+1	0.000000E+0	
-4.700000E+3	-6.716775E-4	-2.886652E-4	7.310802E-4	-1.567435E+2	8.663080E+3	3.275300E+1	3.500100E+1	0.000000E+0	
-4.800000E+3	-6.970555E-4	-2.969897E-4	7.576867E-4	-1.569229E+2	8.663080E+3	3.275900E+1	3.500100E+1	0.000000E+0	
-4.900000E+3	-7.254364E-4	-3.061296E-4	7.873838E-4	-1.571206E+2	8.663080E+3	3.275800E+1	3.500100E+1	0.000000E+0	
-5.000000E+3	-7.522248E-4	-3.146522E-4	8.153822E-4	-1.573007E+2	8.663080E+3	3.275800E+1	3.500200E+1	0.000000E+0	
-5.100000E+3	-7.775091E-4	-3.227532E-4	8.418373E-4	-1.574561E+2	8.663080E+3	3.275400E+1	3.500200E+1	0.000000E+0	
-5.200000E+3	-8.000249E-4	-3.296018E-4	8.652613E-4	-1.576089E+2	8.663080E+3	3.275800E+1	3.500200E+1	0.000000E+0	
-5.300000E+3	-8.211543E-4	-3.368830E-4	8.875723E-4	-1.576938E+2	8.663080E+3	3.275800E+1	3.500200E+1	0.000000E+0	
-5.400000E+3	-8.373490E-4	-3.419031E-4	9.044618E-4	-1.577890E+2	8.663080E+3	3.275700E+1	3.500200E+1	0.000000E+0	
-5.500000E+3	-8.552770E-4	-3.480279E-4	9.233754E-4	-1.578577E+2	8.663080E+3	3.275700E+1	3.500200E+1	0.000000E+0	
-5.600000E+3	-8.688637E-4	-3.523756E-4	9.375995E-4	-1.579245E+2	8.663080E+3	3.275700E+1	3.500200E+1	0.000000E+0	
-5.700000E+3	-8.867127E-4	-3.583675E-4	9.563926E-4	-1.579938E+2	8.663080E+3	3.275800E+1	3.500100E+1	0.000000E+0	
-5.800000E+3	-9.045874E-4	-3.640892E-4	9.751099E-4	-1.580756E+2	8.663080E+3	3.275400E+1	3.500100E+1	0.000000E+0	
-5.900000E+3	-9.266198E-4	-3.715661E-4	9.983414E-4	-1.581497E+2	8.663080E+3	3.275400E+1	3.500100E+1	0.000000E+0	
-6.000000E+3	-9.482183E-4	-3.785875E-4	1.021003E-3	-1.582351E+2	8.663080E+3	3.275600E+1	3.500100E+1	0.000000E+0	
-6.100000E+3	-9.766338E-4	-3.880733E-4	1.050911E-3	-1.583292E+2	8.663080E+3	3.275700E+1	3.500100E+1	0.000000E+0	
-6.200000E+3	-1.005245E-3	-3.972999E-4	1.080909E-3	-1.584347E+2	8.663080E+3	3.275700E+1	3.500100E+1	0.000000E+0	
-6.300000E+3	-1.036437E-3	-4.077123E-4	1.113747E-3	-1.585264E+2	8.663080E+3	3.275600E+1	3.500100E+1	0.000000E+0	
-6.400000E+3	-1.063920E-3	-4.159491E-4	1.142340E-3	-1.586465E+2	8.663080E+3	3.275700E+1	3.500100E+1	0.000000E+0	
-6.500000E+3	-1.091826E-3	-4.255722E-4	1.171835E-3	-1.587052E+2	8.663080E+3	3.275500E+1	3.500000E+1	0.000000E+0	
-6.600000E+3	-1.111865E-3	-4.316311E-4	1.192706E-3	-1.587836E+2	8.663080E+3	3.276200E+1	3.500000E+1	0.000000E+0	
-6.700000E+3	-1.132765E-3	-4.383405E-4	1.214619E-3	-1.588453E+2	8.663080E+3	3.275900E+1	3.500000E+1	0.000000E+0	
-6.800000E+3	-1.145116E-3	-4.420808E-4	1.227488E-3	-1.588905E+2	8.663080E+3	3.276300E+1	3.500000E+1	0.000000E+0	
-6.900000E+3	-1.155906E-3	-4.456075E-4	1.238824E-3	-1.589181E+2	8.663080E+3	3.275900E+1	3.500000E+1	0.000000E+0	
-7.000000E+3	-1.162552E-3	-4.473568E-4	1.245654E-3	-1.589530E+2	8.663080E+3	3.275500E+1	3.500000E+1	0.000000E+0	
-7.100000E+3	-1.165206E-3	-4.482349E-4	1.248447E-3	-1.589591E+2	8.663080E+3	3.275700E+1	3.500100E+1	0.000000E+0	
-7.200000E+3	-1.164750E-3	-4.477977E-4	1.247865E-3	-1.589703E+2	8.663080E+3	3.275400E+1	3.500100E+1	0.000000E+0	
-7.300000E+3	-1.159921E-3	-4.460630E-4	1.242734E-3	-1.589651E+2	8.663080E+3	3.275700E+1	3.500100E+1	0.000000E+0	
-7.400000E+3	-1.152337E-3	-4.434121E-4	1.234704E-3	-1.589536E+2	8.663080E+3	3.275400E+1	3.500200E+1	0.000000E+0	
-7.500000E+3	-1.137396E-3	-4.383405E-4	1.218939E-3	-1.589239E+2	8.663080E+3	3.275600E+1	3.500100E+1	0.000000E+0	
-7.600000E+3	-1.121046E-3	-4.330724E-4	1.201788E-3	-1.588779E+2	8.663080E+3	3.275700E+1	3.500100E+1	0.000000E+0	
-7.700000E+3	-1.095810E-3	-4.251160E-4	1.175382E-3	-1.587964E+2	8.663080E+3	3.275500E+1	3.500000E+1	0.000000E+0	
-7.800000E+3	-1.074100E-3	-4.177190E-4	1.152467E-3	-1.587489E+2	8.663080E+3	3.275700E+1	3.499900E+1	0.000000E+0	
-7.900000E+3	-1.044096E-3	-4.086101E-4	1.121204E-3	-1.586270E+2	8.663080E+3	3.275700E+1	3.500100E+1	0.000000E+0	
-8.000000E+3	-1.021408E-3	-4.010348E-4	1.097316E-3	-1.585636E+2	8.663080E+3	3.275400E+1	3.500000E+1	0.000000E+0	
-8.100000E+3	-9.968786E-4	-3.928866E-4	1.071507E-3	-1.584898E+2	8.663080E+3	3.275800E+1	3.500000E+1	0.000000E+0	
-8.200000E+3	-9.791269E-4	-3.871895E-4	1.052903E-3	-1.584240E+2	8.663080E+3	3.275700E+1	3.500000E+1	0.000000E+0	
-8.300000E+3	-9.605223E-4	-3.812174E-4	1.033407E-3	-1.583526E+2	8.663080E+3	3.275600E+1	3.500000E+1	0.000000E+0	
-8.400000E+3	-9.491242E-4	-3.777202E-4	1.021523E-3	-1.582991E+2	8.663080E+3	3.275500E+1	3.500000E+1	0.000000E+0	
-8.500000E+3	-9.371938E-4	-3.737602E-4	1.008974E-3	-1.582575E+2	8.663080E+3	3.275700E+1	3.500000E+1	0.000000E+0	
-8.600000E+3	-9.291278E-4	-3.711319E-4	1.000509E-3	-1.582262E+2	8.663080E+3	3.275900E+1	3.499900E+1	0.000000E+0	
-8.700000E+3	-9.213064E-4	-3.689132E-4	9.924225E-4	-1.581776E+2	8.663080E+3	3.275600E+1	3.499900E+1	0.000000E+0	
-8.800000E+3	-9.155628E-4	-3.671220E-4	9.864248E-4	-1.581502E+2	8.663080E+3	3.275900E+1	3.500000E+1	0.000000E+0	
-8.900000E+3	-9.098500E-4	-3.649452E-4	9.803122E-4	-1.581440E+2	8.663080E+3	3.276000E+1	3.500100E+1	0.000000E+0	
-9.000000E+3	-9.054481E-4	-3.636390E-4	9.757405E-4	-1.581190E+2	8.663080E+3	3.276100E+1	3.500000E+1	0.000000E+0	
-9.100000E+3	-9.007720E-4	-3.623339E-4	9.709151E-4	-1.580876E+2	8.663080E+3	3.275700E+1	3.499900E+1	0.000000E+0	
-9.200000E+3	-8.976772E-4	-3.610083E-4	9.675491E-4	-1.580921E+2	8.663080E+3	3.275800E+1	3.500000E+1	0.000000E+0	
-9.300000E+3	-8.946096E-4	-3.601184E-4	9.643711E-4	-1.580731E+2	8.663080E+3	3.275500E+1	3.500100E+1	0.000000E+0	
-9.400000E+3	-8.928591E-4	-3.596732E-4	9.625810E-4	-1.580588E+2	8.663080E+3	3.275300E+1	3.500100E+1	0.000000E+0	
-9.500000E+3	-8.911076E-4	-3.592347E-4	9.607925E-4	-1.580440E+2	8.663080E+3	3.275700E+1	3.500200E+1	0.000000E+0	
-9.600000E+3	-8.898827E-4	-3.588025E-4	9.594949E-4	-1.580406E+2	8.663080E+3	3.275900E+1	3.500200E+1	0.000000E+0	
-9.700000E+3	-8.885705E-4	-3.583671E-4	9.581151E-4	-1.580354E+2	8.663080E+3	3.276000E+1	3.500000E+1	0.000000E+0	
-9.800000E+3	-8.876781E-4	-3.579242E-4	9.571218E-4	-1.580400E+2	8.663080E+3	3.275700E+1	3.500200E+1	0.000000E+0	
-9.900000E+3	-8.872390E-4	-3.579195E-4	9.567128E-4	-1.580304E+2	8.663080E+3	3.275700E+1	3.500100E+1	0.000000E+0	
-1.000000E+4	-8.863664E-4	-3.579189E-4	9.559034E-4	-1.580109E+2	8.663080E+3	3.275900E+1	3.500100E+1	0.000000E+0	
-1.010000E+4	-8.858784E-4	-3.574695E-4	9.552827E-4	-1.580249E+2	8.663080E+3	3.275800E+1	3.500200E+1	0.000000E+0	
-1.020000E+4	-8.854676E-4	-3.574707E-4	9.549022E-4	-1.580157E+2	8.663080E+3	3.275600E+1	3.500300E+1	0.000000E+0	
-1.030000E+4	-8.845982E-4	-3.574608E-4	9.540923E-4	-1.579967E+2	8.663080E+3	3.275500E+1	3.500100E+1	0.000000E+0	
-1.040000E+4	-8.846058E-4	-3.572276E-4	9.540120E-4	-1.580098E+2	8.663080E+3	3.275600E+1	3.500200E+1	0.000000E+0	
-1.050000E+4	-8.841773E-4	-3.572226E-4	9.536128E-4	-1.580005E+2	8.663080E+3	3.275700E+1	3.500200E+1	0.000000E+0	
-1.060000E+4	-8.841709E-4	-3.572296E-4	9.536095E-4	-1.579999E+2	8.663080E+3	3.275900E+1	3.500200E+1	0.000000E+0	
-1.070000E+4	-8.841763E-4	-3.572371E-4	9.536174E-4	-1.579996E+2	8.663080E+3	3.275300E+1	3.500100E+1	0.000000E+0	
-1.080000E+4	-8.837118E-4	-3.572388E-4	9.531874E-4	-1.579891E+2	8.663080E+3	3.275500E+1	3.500000E+1	0.000000E+0	
-1.090000E+4	-8.833027E-4	-3.567952E-4	9.526419E-4	-1.580046E+2	8.663080E+3	3.276000E+1	3.500100E+1	0.000000E+0	
-1.100000E+4	-8.833048E-4	-3.567884E-4	9.526412E-4	-1.580050E+2	8.663080E+3	3.275600E+1	3.500100E+1	0.000000E+0	
